3.195608
3.161649
3.125618
3.087535
3.047423
3.005305
2.961208
2.915158
2.867182
2.817311
2.765574
2.712004
2.656633
2.599495
2.540627
2.480065
2.417846
2.354010
2.288597
2.221648
2.153205
2.083312
2.012013
1.939352
1.865377
1.790135
1.713674
1.636042
1.557290
1.477468
1.396627
1.314821
1.232101
1.148522
1.064137
.979001
.893170
.806700
.719648
.632069
.544022
.455565
.366755
.277651
.188312
.098796
.009164
-.080526
-.170214
-.259840
-.349345
-.438670
-.527754
-.616537
-.704962
-.792967
-.880494
-.967484
-1.053879
-1.139620
-1.224648
-1.308907
-1.392340
-1.474889
-1.556498
-1.637112
-1.716675
-1.795133
-1.872433
-1.948520
-2.023343
-2.096850
-2.168990
-2.239713
-2.308971
-2.376714
-2.442895
-2.507469
-2.570390
-2.631613
-2.691096
-2.748796
-2.804672
-2.858686
-2.910797
-2.960970
-3.009167
-3.055354
-3.099497
-3.141565
-3.181526
-3.219352
-3.255013
-3.288484
-3.319738
-3.348754
-3.375508
-3.399979
-3.422149
-3.441999
-3.459514
-3.474680
-3.487483
-3.497911
-3.505956
-3.511608
-3.514863
-3.515713
-3.514157
-3.510193
-3.503821
-3.495042
-3.483860
-3.470279
-3.454308
-3.435953
-3.415224
-3.392135
-3.366696
-3.338925
-3.308836
-3.276449
-3.241782
-3.204858
-3.165699
-3.124330
-3.080777
-3.035067
-2.987230
-2.937297
-2.885299
-2.831271
-2.775247
-2.717265
-2.657362
-2.595577
-2.531952
-2.466528
-2.399350
-2.330461
-2.259908
-2.187738
-2.113999
-2.038741
-1.962016
-1.883874
-1.804369
-1.723554
-1.641485
-1.558218
-1.473809
-1.388317
-1.301800
-1.214317
-1.125928
-1.036696
-.946681
-.855945
-.764552
-.672565
-.580048
-.487066
-.393683
-.299965
-.205978
-.111787
-.017459
.076940
.171344
.265684
.359896
.453911
.547664
.641087
.734114
.826678
.918713
1.010154
1.100935
1.190990
1.280254
1.368663
1.456154
1.542663
1.628127
1.712483
1.795671
1.877630
1.958300
2.037621
2.115536
2.191987
2.266917
2.340271
2.411996
2.482036
2.550341
2.616860
2.681541
2.744338
2.805201
2.864087
2.920948
2.975744
3.028430
3.078968
3.127317
3.173442
3.217305
3.258872
3.298110
3.334989
3.369479
3.401552
3.431182
3.458345
3.483018
3.505180
3.524811
3.541896
3.556418
3.568364
3.577722
3.584482
3.588635
3.590177
3.589103
3.585409
3.579097
3.570166
3.558622
3.544468
3.527713
3.508364
3.486435
3.461936
3.434884
3.405294
3.373187
3.338581
3.301500
3.261967
3.220009
3.175655
3.128932
3.079874
3.028513
2.974885
2.919026
2.860975
2.800772
2.738458
2.674079
2.607677
2.539302
2.468999
2.396820
2.322815
2.247038
2.169542
2.090382
2.009616
1.927302
1.843499
1.758267
1.671669
1.583766
1.494624
1.404307
1.312882
1.220414
1.126972
1.032625
.937442
.841493
.744850
.647583
.549766
.451471
.352770
.253738
.154450
.054978
-.044602
-.144216
-.243787
-.343242
-.442505
-.541500
-.640153
-.738389
-.836133
-.933310
-1.029846
-1.125667
-1.220699
-1.314871
-1.408108
-1.500339
-1.591492
-1.681497
-1.770285
-1.857785
-1.943930
-2.028652
-2.111886
-2.193564
-2.273624
-2.352002
-2.428636
-2.503464
-2.576429
-2.647471
-2.716533
-2.783560
-2.848498
-2.911295
-2.971899
-3.030262
-3.086335
-3.140072
-3.191429
-3.240364
-3.286836
-3.330805
-3.372234
-3.411089
-3.447336
-3.480943
-3.511881
-3.540123
-3.565644
-3.588419
-3.608429
-3.625653
-3.640076
-3.651681
-3.660457
-3.666392
-3.669479
-3.669712
-3.667086
-3.661600
-3.653254
-3.642051
-3.627997
-3.611098
-3.591365
-3.568808
-3.543441
-3.515282
-3.484347
-3.450659
-3.414239
-3.375113
-3.333308
-3.288853
-3.241780
-3.192122
-3.139915
-3.085196
-3.028006
-2.968387
-2.906382
-2.842037
-2.775399
-2.706520
-2.635449
-2.562240
-2.486949
-2.409633
-2.330349
-2.249159
-2.166124
-2.081308
-1.994776
-1.906594
-1.816831
-1.725555
-1.632838
-1.538752
-1.443370
-1.346765
-1.249015
-1.150195
-1.050383
-.949658
-.848099
-.745786
-.642801
-.539225
-.435140
-.330630
-.225778
-.120668
-.015384
.089989
.195367
.300665
.405796
.510677
.615222
.719347
.822965
.925994
1.028348
1.129943
1.230696
1.330525
1.429347
1.527080
1.623643
1.718956
1.812939
1.905515
1.996606
2.086136
2.174028
2.260210
2.344608
2.427151
2.507769
2.586393
2.662956
2.737392
2.809638
2.879630
2.947309
3.012615
3.075491
3.135883
3.193737
3.249001
3.301627
3.351568
3.398778
3.443215
3.484838
3.523608
3.559490
3.592450
3.622457
3.649480
3.673494
3.694475
3.712400
3.727252
3.739011
3.747666
3.753204
3.755615
3.754895
3.751038
3.744044
3.733913
3.720651
3.704263
3.684759
3.662151
3.636453
3.607683
3.575860
3.541007
3.503148
3.462311
3.418527
3.371828
3.322249
3.269828
3.214605
3.156623
3.095926
3.032563
2.966582
2.898037
2.826981
2.753471
2.677567
2.599328
2.518819
2.436103
2.351250
2.264327
2.175406
2.084559
1.991862
1.897391
1.801224
1.703441
1.604123
1.503352
1.401214
1.297794
1.193178
1.087455
.980714
.873044
.764539
.655289
.545387
.434928
.324006
.212716
.101153
-.010585
-.122404
-.234207
-.345895
-.457373
-.568543
-.679309
-.789574
-.899240
-1.008212
-1.116394
-1.223691
-1.330007
-1.435248
-1.539322
-1.642135
-1.743595
-1.843612
-1.942096
-2.038958
-2.134112
-2.227470
-2.318949
-2.408465
-2.495937
-2.581285
-2.664429
-2.745295
-2.823806
-2.899890
-2.973477
-3.044497
-3.112884
-3.178574
-3.241503
-3.301612
-3.358844
-3.413144
-3.464458
-3.512737
-3.557932
-3.600000
-3.638897
-3.674585
-3.707027
-3.736188
-3.762037
-3.784547
-3.803692
-3.819450
-3.831801
-3.840729
-3.846221
-3.848267
-3.846858
-3.841993
-3.833668
-3.821887
-3.806654
-3.787978
-3.765871
-3.740347
-3.711423
-3.679121
-3.643464
-3.604480
-3.562199
-3.516653
-3.467879
-3.415916
-3.360807
-3.302596
-3.241331
-3.177063
-3.109847
-3.039739
-2.966798
-2.891086
-2.812668
-2.731611
-2.647986
-2.561865
-2.473323
-2.382436
-2.289286
-2.193953
-2.096522
-1.997079
-1.895713
-1.792513
-1.687572
-1.580984
-1.472844
-1.363250
-1.252301
-1.140097
-1.026741
-.912335
-.796983
-.680792
-.563867
-.446317
-.328248
-.209772
-.090996
.027968
.147010
.266019
.384884
.503494
.621737
.739501
.856676
.973152
1.088816
1.203561
1.317275
1.429851
1.541181
1.651158
1.759676
1.866629
1.971916
2.075433
2.177080
2.276757
2.374367
2.469814
2.563004
2.653844
2.742245
2.828118
2.911377
2.991939
3.069723
3.144649
3.216642
3.285628
3.351536
3.414297
3.473847
3.530122
3.583064
3.632616
3.678725
3.721341
3.760416
3.795908
3.827775
3.855982
3.880494
3.901282
3.918320
3.931584
3.941055
3.946718
3.948561
3.946575
3.940755
3.931102
3.917617
3.900308
3.879184
3.854260
3.825553
3.793085
3.756881
3.716970
3.673385
3.626162
3.575341
3.520966
3.463084
3.401745
3.337005
3.268920
3.197552
3.122966
3.045230
2.964414
2.880593
2.793846
2.704252
2.611895
2.516863
2.419244
2.319131
2.216619
2.111805
2.004791
1.895678
1.784572
1.671580
1.556812
1.440378
1.322393
1.202972
1.082231
.960291
.837269
.713289
.588474
.462946
.336832
.210257
.083348
-.043767
-.170961
-.298105
-.425071
-.551729
-.677950
-.803607
-.928570
-1.052711
-1.175902
-1.298018
-1.418930
-1.538514
-1.656645
-1.773200
-1.888058
-2.001097
-2.112199
-2.221246
-2.328123
-2.432717
-2.534914
-2.634607
-2.731688
-2.826053
-2.917598
-3.006225
-3.091837
-3.174339
-3.253641
-3.329655
-3.402295
-3.471481
-3.537134
-3.599179
-3.657546
-3.712166
-3.762977
-3.809917
-3.852931
-3.891966
-3.926975
-3.957913
-3.984740
-4.007420
-4.025923
-4.040219
-4.050288
-4.056109
-4.057670
-4.054959
-4.047973
-4.036710
-4.021174
-4.001374
-3.977322
-3.949036
-3.916537
-3.879852
-3.839013
-3.794053
-3.745014
-3.691940
-3.634879
-3.573885
-3.509015
-3.440331
-3.367900
-3.291790
-3.212077
-3.128840
-3.042160
-2.952124
-2.858822
-2.762348
-2.662801
-2.560280
-2.454892
-2.346743
-2.235946
-2.122615
-2.006868
-1.888825
-1.768610
-1.646349
-1.522171
-1.396207
-1.268591
-1.139457
-1.008945
-.877193
-.744344
-.610539
-.475924
-.340644
-.204847
-.068679
.067709
.204170
.340551
.476705
.612479
.747724
.882289
1.016024
1.148779
1.280406
1.410757
1.539684
1.667041
1.792683
1.916469
2.038255
2.157902
2.275273
2.390231
2.502644
2.612381
2.719312
2.823314
2.924262
3.022038
3.116525
3.207611
3.295185
3.379142
3.459379
3.535799
3.608307
3.676813
3.741232
3.801481
3.857484
3.909169
3.956467
3.999317
4.037659
4.071441
4.100614
4.125137
4.144970
4.160082
4.170446
4.176039
4.176845
4.172853
4.164058
4.150459
4.132063
4.108880
4.080927
4.048226
4.010804
3.968696
3.921940
3.870581
3.814667
3.754255
3.689406
3.620184
3.546662
3.468916
3.387028
3.301085
3.211178
3.117405
3.019867
2.918670
2.813925
2.705749
2.594260
2.479583
2.361846
2.241182
2.117727
1.991621
1.863008
1.732034
1.598850
1.463610
1.326468
1.187586
1.047123
.905245
.762118
.617909
.472789
.326931
.180506
.033690
-.113342
-.260413
-.407348
-.553967
-.700095
-.845552
-.990163
-1.133749
-1.276135
-1.417146
-1.556607
-1.694345
-1.830189
-1.963969
-2.095517
-2.224669
-2.351260
-2.475130
-2.596122
-2.714080
-2.828854
-2.940294
-3.048256
-3.152600
-3.253188
-3.349889
-3.442573
-3.531118
-3.615403
-3.695315
-3.770745
-3.841588
-3.907747
-3.969127
-4.025642
-4.077210
-4.123755
-4.165207
-4.201502
-4.232584
-4.258400
-4.278906
-4.294065
-4.303844
-4.308218
-4.307169
-4.300686
-4.288764
-4.271406
-4.248620
-4.220422
-4.186836
-4.147891
-4.103624
-4.054079
-3.999306
-3.939362
-3.874312
-3.804226
-3.729183
-3.649265
-3.564565
-3.475179
-3.381211
-3.282770
-3.179973
-3.072942
-2.961803
-2.846692
-2.727748
-2.605114
-2.478941
-2.349384
-2.216603
-2.080763
-1.942034
-1.800589
-1.656606
-1.510267
-1.361757
-1.211267
-1.058987
-.905114
-.749846
-.593384
-.435931
-.277691
-.118873
.040316
.199665
.358965
.518004
.676570
.834450
.991433
1.147309
1.301865
1.454892
1.606182
1.755528
1.902724
2.047568
2.189859
2.329399
2.465993
2.599451
2.729582
2.856204
2.979135
3.098200
3.213227
3.324051
3.430508
3.532443
3.629706
3.722151
3.809640
3.892040
3.969226
4.041077
4.107482
4.168334
4.223536
4.272996
4.316631
4.354367
4.386134
4.411873
4.431533
4.445070
4.452450
4.453945
4.450732
4.442834
4.430110
4.412387
4.389466
4.361121
4.327099
4.287123
4.240894
4.188092
4.128375
4.061387
3.986755
3.904096
3.813014
3.713110
3.603981
3.485225
3.356449
3.217267
3.067312
2.906240
2.733736
2.549521
2.353360
2.145074
1.924542
1.691717
1.446635
1.189420
.920305
.639634
.347878
.045647
-.266300
-.587041
-.915486
-1.250358
-1.590194
-1.933330
-2.277896
-2.621816
-2.962802
-3.298358
-3.625785
-3.942186
-4.244485
-4.529438
-4.793659
-5.033649
-5.245828
-5.426576
-5.572277
-5.679375
-5.744434
-5.764196
-5.735660
-5.656151
-5.523406
-5.335650
-5.091687
-4.790979
-4.433735
-4.020985
-3.554653
-3.037626
-2.473799
-1.868116
-1.226589
-.556298
.134640
.837116
1.541113
2.235818
2.909762
3.551001
4.147320
4.686475
5.156458
5.545795
5.843850
6.041154
6.129736
6.103442
5.958255
5.692571
5.307453
4.806823
4.197603
3.489769
2.696328
1.833209
.919026
-.025228
-.976618
-1.910799
-2.802638
-3.626920
-4.359129
-4.976252
-5.457626
-5.785754
-5.947091
-5.932742
-5.739058
-5.368078
-4.827798
-4.132231
-3.301253
-2.360196
-1.339216
-.272401
.803304
1.849393
2.827225
3.699550
4.432066
4.994956
5.364307
5.523362
5.463520
5.185029
4.697317
4.018916
3.176965
2.206293
1.148087
.048206
-1.044801
-2.081894
-3.015856
-3.803595
-4.408335
-4.801561
-4.964610
-4.889810
-4.581088
-4.053985
-3.335066
-2.460735
-1.475486
-.429695
.622970
1.628355
2.534711
3.295496
3.871935
4.235175
4.367915
4.265398
3.935704
3.399306
2.687927
1.842738
.912010
-.051650
-.994310
-1.863796
-2.612662
-3.200869
-3.598007
-3.784943
-3.754781
-3.513096
-3.077429
-2.476083
-1.746312
-.931998
-.080998
.757686
1.536609
2.212603
2.749215
3.118654
3.303196
3.295999
3.101271
2.733816
2.217979
1.586074
.876381
.130850
-.607358
-1.296354
-1.897883
-2.379427
-2.715944
-2.891147
-2.898257
-2.740201
-2.429250
-1.986140
-1.438721
-.820229
-.167290
.482235
1.091431
1.626409
2.058178
2.364199
2.529539
2.547571
2.420188
2.157523
1.777216
1.303250
.764470
.192838
-.378446
-.916861
-1.392401
-1.779234
-2.057092
-2.212314
-2.238491
-2.136691
-1.915245
-1.589134
-1.179000
-.709862
-.209601
.292681
.768345
1.190833
1.537143
1.789066
1.934128
1.966186
1.885655
1.699351
1.419979
1.065289
.656971
.219336
-.222115
-.642171
-1.017338
-1.327143
-1.555242
-1.690266
-1.726371
-1.663461
-1.507081
-1.267987
-.961432
-.606208
-.223506
.164338
.535140
.868122
1.145076
1.351341
1.476573
1.515248
1.466879
1.335945
1.131536
.866749
.557857
.223322
-.117300
-.444493
-.739892
-.987309
-1.173606
-1.289386
-1.329454
-1.293030
-1.183703
-1.009142
-.780580
-.512102
-.219785
.079254
.367855
.629790
.850675
1.018746
1.125479
1.166012
1.139350
1.048342
.899444
.702284
.469042
.213716
-.048720
-.303181
-.535337
-.732410
-.883875
-.982010
-1.022285
-1.003554
-.928052
-.801203
-.631247
-.428716
-.205788
.024440
.248715
.454383
.630103
.766463
.856479
.895943
.883610
.821209
.713286
.566886
.391110
.196547
-.005352
-.202945
-.385067
-.541654
-.664297
-.746684
-.784923
-.777711
-.726358
-.634665
-.508652
-.356173
-.186435
-.009445
.164575
.325776
.465233
.575436
.650690
.687403
.684247
.642194
.564407
.456024
.323824
.175804
.020708
-.132494
-.275116
-.399247
-.498184
-.566795
-.601773
-.601793
-.567547
-.501663
-.408520
-.293962
-.164936
-.029076
.105748
.231879
.342307
.431056
.493502
.526611
.529079
.501372
.445666
.365688
.266473
.154050
.035084
-.083522
-.195022
-.293208
-.372753
-.429497
-.460662
-.464979
-.442734
-.395722
-.327108
-.241229
-.143316
-.039183
.065117
.163643
.250899
.322139
.373625
.402817
.408494
.390799
.351203
.292393
.218101
.132862
.041747
-.049940
-.136966
-.214468
-.278223
-.324873
-.352100
-.358739
-.344820
-.311543
-.261186
-.196955
-.122782
-.043088
.037480
.114317
.183123
.240138
.282350
.307649
.314928
.304132
.276232
.233157
.177659
.113145
.043468
-.027304
-.095119
-.156174
-.207127
-.245276
-.268703
-.276366
-.268141
-.244811
-.208004
-.160083
-.103996
-.043099
.019045
.078874
.133025
.178529
.212966
.234595
.242437
.236319
.216866
.185451
.144099
.095361
.042159
-.012389
-.065150
-.113157
-.153769
-.184821
-.204733
-.212594
-.208194
-.192026
-.165245
-.129586
-.087255
-.040794
.007069
.053581
.096120
.132343
.160313
.178601
.186356
.183347
.169958
.147156
.116428
.079679
.039121
-.002860
-.043847
-.081525
-.113814
-.138983
-.155739
-.163296
-.161404
-.150360
-.130974
-.104514
-.072627
-.037237
-.000428
.035676
.069034
.097799
.120426
.135747
.143036
.142035
.132967
.116507
.093740
.066086
.035218
.002956
-.028835
-.058355
-.083966
-.104289
-.118271
-.125242
-.124943
-.117536
-.103584
-.084009
-.060040
-.033126
-.004860
.023123
.049235
.072026
.090264
.103001
.109621
.109868
.103854
.092046
.075231
.054465
.031010
.006254
-.018368
-.041456
-.061726
-.078079
-.089663
-.095912
-.096575
-.091727
-.081752
-.067319
-.049340
-.028907
-.007233
.014423
.034829
.052847
.067499
.078018
.083885
.084860
.080984
.072573
.060197
.044638
.026846
.007878
-.011163
-.029190
-.045199
-.058317
-.067854
-.073338
-.074538
-.071470
-.064394
-.053791
-.040335
-.024849
-.008256
.008479
.024400
.038616
.050351
.058987
.064093
.065448
.063050
.057109
.048034
.036405
.022932
.008421
-.006282
-.020336
-.032954
-.043445
-.051254
-.055991
-.057445
-.055600
-.050625
-.042867
-.032821
-.021106
-.008421
.004493
.016894
.028088
.037460
.044514
.048894
.050402
.049011
.044857
.038231
.029559
.019376
.008292
-.003045
-.013984
-.023909
-.032277
-.038641
-.042679
-.044207
-.043187
-.039728
-.034076
-.026596
-.017749
-.008067
.001882
.011527
.020325
.027791
.033526
.037239
.038758
.038040
.035170
.030355
.023906
.016224
.007771
-.000958
-.009459
-.017252
-.023910
-.029073
-.032479
-.033969
-.033494
-.031122
-.027025
-.021470
-.014802
-.007424
.000230
.007720
.014622
.020554
.025199
.028316
.029760
.029480
.027528
.024046
.019265
.013481
.007044
.000334
-.006262
-.012371
-.017655
-.021828
-.024676
-.026063
-.025938
-.024339
-.021385
-.017272
-.012258
-.006644
-.000764
.005043
.010448
.015151
.018898
.021495
.022817
.022813
.021510
.019008
.015474
.011128
.006235
.001084
-.004027
-.008807
-.012991
-.016352
-.018716
-.019967
-.020057
-.019002
-.016887
-.013852
-.010088
-.005825
-.001314
.003182
.007408
.011128
.014141
.016289
.017467
.017627
.016780
.014995
.012391
.009133
.005420
.001471
-.002483
-.006217
-.009523
-.012221
-.014170
-.015274
-.015486
-.014812
-.013308
-.011076
-.008258
-.005025
-.001570
.001905
.005204
.008140
.010555
.012322
.013351
.013600
.013070
.011805
.009894
.007457
.004644
.001623
-.001432
-.004344
-.006951
-.009111
-.010709
-.011666
-.011939
-.011528
-.010468
-.008833
-.006727
-.004280
-.001638
.001045
.003615
.005928
.007859
.009303
.010189
.010477
.010164
.009277
.007880
.006062
.003935
.001626
-.000730
-.002998
-.005050
-.006774
-.008078
-.008896
-.009191
-.008958
-.008218
-.007026
-.005457
-.003608
