1.866163
1.817086
1.766807
1.715358
1.662772
1.609082
1.554322
1.498525
1.441730
1.383969
1.325282
1.265706
1.205277
1.144037
1.082022
1.019274
.955832
.891738
.827032
.761757
.695955
.629668
.562939
.495812
.428331
.360538
.292479
.224197
.155738
.087145
.018465
-.050258
-.118980
-.187654
-.256236
-.324680
-.392942
-.460976
-.528737
-.596181
-.663262
-.729937
-.796160
-.861888
-.927078
-.991685
-1.055666
-1.118979
-1.181582
-1.243431
-1.304486
-1.364706
-1.424050
-1.482478
-1.539951
-1.596429
-1.651875
-1.706251
-1.759519
-1.811644
-1.862589
-1.912321
-1.960805
-2.008007
-2.053896
-2.098439
-2.141606
-2.183367
-2.223693
-2.262556
-2.299928
-2.335784
-2.370098
-2.402846
-2.434004
-2.463552
-2.491467
-2.517729
-2.542320
-2.565222
-2.586417
-2.605891
-2.623628
-2.639615
-2.653841
-2.666294
-2.676964
-2.685842
-2.692921
-2.698195
-2.701659
-2.703308
-2.703140
-2.701154
-2.697349
-2.691726
-2.684288
-2.675038
-2.663980
-2.651122
-2.636468
-2.620029
-2.601813
-2.581832
-2.560096
-2.536621
-2.511419
-2.484506
-2.455899
-2.425617
-2.393677
-2.360101
-2.324909
-2.288124
-2.249770
-2.209871
-2.168453
-2.125542
-2.081168
-2.035358
-1.988142
-1.939551
-1.889618
-1.838374
-1.785855
-1.732093
-1.677126
-1.620989
-1.563719
-1.505356
-1.445936
-1.385502
-1.324091
-1.261747
-1.198510
-1.134424
-1.069530
-1.003873
-.937498
-.870448
-.802770
-.734509
-.665712
-.596425
-.526695
-.456571
-.386099
-.315328
-.244307
-.173083
-.101707
-.030226
.041310
.112852
.184350
.255755
.327018
.398089
.468919
.539460
.609661
.679475
.748852
.817745
.886104
.953882
1.021033
1.087508
1.153260
1.218245
1.282415
1.345726
1.408133
1.469591
1.530058
1.589489
1.647844
1.705079
1.761156
1.816032
1.869670
1.922030
1.973074
2.022767
2.071072
2.117954
2.163379
2.207314
2.249727
2.290587
2.329864
2.367529
2.403554
2.437912
2.470578
2.501528
2.530737
2.558185
2.583849
2.607712
2.629753
2.649956
2.668305
2.684786
2.699384
2.712089
2.722890
2.731776
2.738740
2.743776
2.746878
2.748042
2.747266
2.744547
2.739888
2.733288
2.724751
2.714281
2.701884
2.687567
2.671338
2.653206
2.633184
2.611283
2.587517
2.561902
2.534453
2.505190
2.474130
2.441294
2.406705
2.370385
2.332357
2.292649
2.251286
2.208297
2.163710
2.117557
2.069868
2.020676
1.970015
1.917920
1.864427
1.809572
1.753394
1.695932
1.637225
1.577316
1.516244
1.454054
1.390789
1.326493
1.261211
1.194990
1.127877
1.059917
.991161
.921656
.851452
.780599
.709147
.637148
.564652
.491712
.418379
.344707
.270749
.196557
.122185
.047687
-.026884
-.101473
-.176027
-.250490
-.324811
-.398933
-.472804
-.546369
-.619574
-.692367
-.764693
-.836500
-.907734
-.978344
-1.048278
-1.117483
-1.185909
-1.253504
-1.320220
-1.386006
-1.450813
-1.514593
-1.577299
-1.638883
-1.699299
-1.758503
-1.816449
-1.873093
-1.928394
-1.982309
-2.034798
-2.085820
-2.135336
-2.183309
-2.229702
-2.274479
-2.317606
-2.359050
-2.398778
-2.436760
-2.472965
-2.507365
-2.539934
-2.570645
-2.599474
-2.626398
-2.651395
-2.674445
-2.695528
-2.714628
-2.731728
-2.746814
-2.759872
-2.770890
-2.779860
-2.786771
-2.791618
-2.794393
-2.795094
-2.793717
-2.790262
-2.784730
-2.777121
-2.767440
-2.755692
-2.741884
-2.726025
-2.708123
-2.688190
-2.666239
-2.642285
-2.616343
-2.588432
-2.558569
-2.526775
-2.493073
-2.457485
-2.420036
-2.380753
-2.339664
-2.296796
-2.252181
-2.205851
-2.157839
-2.108178
-2.056905
-2.004057
-1.949672
-1.893789
-1.836450
-1.777695
-1.717567
-1.656112
-1.593373
-1.529397
-1.464232
-1.397924
-1.330523
-1.262079
-1.192643
-1.122266
-1.051001
-.978901
-.906020
-.832412
-.758132
-.683236
-.607780
-.531822
-.455418
-.378626
-.301505
-.224112
-.146506
-.068746
.009108
.086997
.164863
.242645
.320283
.397720
.474894
.551747
.628219
.704253
.779788
.854766
.929130
1.002822
1.075784
1.147960
1.219293
1.289728
1.359210
1.427684
1.495097
1.561395
1.626527
1.690440
1.753085
1.814411
1.874371
1.932915
1.989999
2.045575
2.099600
2.152030
2.202823
2.251938
2.299335
2.344975
2.388821
2.430838
2.470992
2.509247
2.545574
2.579942
2.612322
2.642687
2.671012
2.697271
2.721442
2.743505
2.763440
2.781229
2.796856
2.810307
2.821569
2.830631
2.837483
2.842117
2.844529
2.844713
2.842667
2.838391
2.831885
2.823152
2.812197
2.799026
2.783647
2.766070
2.746306
2.724369
2.700274
2.674037
2.645676
2.615213
2.582668
2.548066
2.511431
2.472790
2.432172
2.389606
2.345125
2.298762
2.250550
2.200527
2.148731
2.095200
2.039975
1.983099
1.924614
1.864565
1.802999
1.739963
1.675506
1.609677
1.542527
1.474109
1.404475
1.333681
1.261780
1.188831
1.114889
1.040012
.964261
.887694
.810372
.732356
.653707
.574489
.494764
.414595
.334047
.253184
.172070
.090771
.009352
-.072122
-.153586
-.234973
-.316218
-.397255
-.478019
-.558443
-.638464
-.718014
-.797031
-.875448
-.953203
-1.030230
-1.106468
-1.181854
-1.256324
-1.329818
-1.402276
-1.473636
-1.543841
-1.612831
-1.680549
-1.746939
-1.811944
-1.875511
-1.937586
-1.998117
-2.057053
-2.114343
-2.169940
-2.223796
-2.275864
-2.326101
-2.374463
-2.420909
-2.465398
-2.507891
-2.548353
-2.586746
-2.623038
-2.657196
-2.689190
-2.718991
-2.746572
-2.771909
-2.794976
-2.815754
-2.834222
-2.850363
-2.864161
-2.875601
-2.884672
-2.891363
-2.895666
-2.897576
-2.897087
-2.894198
-2.888907
-2.881218
-2.871134
-2.858660
-2.843803
-2.826575
-2.806985
-2.785049
-2.760781
-2.734200
-2.705324
-2.674175
-2.640777
-2.605154
-2.567335
-2.527348
-2.485225
-2.440997
-2.394701
-2.346371
-2.296046
-2.243767
-2.189574
-2.133512
-2.075624
-2.015958
-1.954562
-1.891484
-1.826778
-1.760494
-1.692687
-1.623413
-1.552727
-1.480689
-1.407357
-1.332792
-1.257055
-1.180209
-1.102317
-1.023445
-.943658
-.863023
-.781606
-.699476
-.616702
-.533353
-.449500
-.365212
-.280562
-.195621
-.110460
-.025152
.060231
.145615
.230928
.316098
.401051
.485715
.570016
.653883
.737243
.820024
.902155
.983564
1.064181
1.143936
1.222759
1.300582
1.377337
1.452955
1.527372
1.600521
1.672338
1.742760
1.811724
1.879169
1.945035
2.009263
2.071797
2.132579
2.191556
2.248674
2.303881
2.357128
2.408366
2.457548
2.504629
2.549565
2.592316
2.632841
2.671103
2.707065
2.740694
2.771957
2.800824
2.827268
2.851262
2.872783
2.891809
2.908320
2.922298
2.933729
2.942600
2.948899
2.952618
2.953750
2.952293
2.948243
2.941601
2.932370
2.920555
2.906163
2.889203
2.869689
2.847633
2.823052
2.795964
2.766392
2.734356
2.699884
2.663003
2.623741
2.582132
2.538209
2.492007
2.443567
2.392926
2.340129
2.285219
2.228242
2.169246
2.108282
2.045401
1.980658
1.914106
1.845804
1.775811
1.704186
1.630992
1.556291
1.480150
1.402635
1.323812
1.243751
1.162523
1.080198
.996849
.912551
.827376
.741401
.654702
.567356
.479441
.391036
.302219
.213070
.123669
.034097
-.055567
-.145240
-.234842
-.324291
-.413507
-.502409
-.590915
-.678944
-.766417
-.853253
-.939372
-1.024695
-1.109144
-1.192641
-1.275107
-1.356468
-1.436648
-1.515571
-1.593164
-1.669355
-1.744071
-1.817244
-1.888805
-1.958684
-2.026817
-2.093139
-2.157587
-2.220099
-2.280615
-2.339078
-2.395430
-2.449618
-2.501588
-2.551290
-2.598676
-2.643698
-2.686313
-2.726478
-2.764152
-2.799297
-2.831878
-2.861862
-2.889217
-2.913915
-2.935928
-2.955235
-2.971812
-2.985641
-2.996706
-3.004993
-3.010491
-3.013190
-3.013085
-3.010173
-3.004451
-2.995923
-2.984592
-2.970465
-2.953552
-2.933865
-2.911418
-2.886230
-2.858321
-2.827712
-2.794429
-2.758500
-2.719955
-2.678828
-2.635152
-2.588966
-2.540310
-2.489228
-2.435762
-2.379962
-2.321876
-2.261557
-2.199058
-2.134436
-2.067749
-1.999057
-1.928423
-1.855911
-1.781587
-1.705520
-1.627780
-1.548437
-1.467566
-1.385242
-1.301540
-1.216538
-1.130316
-1.042955
-.954536
-.865142
-.774857
-.683767
-.591957
-.499515
-.406528
-.313084
-.219272
-.125182
-.030904
.063471
.157854
.252154
.346279
.440140
.533644
.626701
.719222
.811116
.902292
.992664
1.082141
1.170636
1.258062
1.344333
1.429363
1.513069
1.595367
1.676176
1.755414
1.833004
1.908866
1.982925
2.055105
2.125336
2.193544
2.259660
2.323618
2.385351
2.444797
2.501893
2.556581
2.608804
2.658507
2.705638
2.750147
2.791987
2.831113
2.867482
2.901056
2.931797
2.959670
2.984645
3.006693
3.025787
3.041906
3.055028
3.065138
3.072219
3.076262
3.077258
3.075201
3.070090
3.061926
3.050711
3.036453
3.019163
2.998852
2.975537
2.949237
2.919974
2.887773
2.852662
2.814673
2.773838
2.730194
2.683783
2.634645
2.582827
2.528377
2.471346
2.411787
2.349756
2.285313
2.218519
2.149439
2.078137
2.004684
1.929150
1.851609
1.772135
1.690808
1.607706
1.522910
1.436506
1.348577
1.259211
1.168497
1.076525
.983386
.889174
.793983
.697909
.601048
.503499
.405359
.306728
.207706
.108395
.008894
-.090693
-.190266
-.289721
-.388957
-.487872
-.586362
-.684327
-.781665
-.878275
-.974055
-1.068906
-1.162728
-1.255424
-1.346896
-1.437047
-1.525782
-1.613007
-1.698629
-1.782558
-1.864703
-1.944977
-2.023294
-2.099569
-2.173719
-2.245665
-2.315328
-2.382633
-2.447504
-2.509872
-2.569667
-2.626823
-2.681276
-2.732964
-2.781831
-2.827819
-2.870877
-2.910955
-2.948007
-2.981988
-3.012860
-3.040583
-3.065125
-3.086455
-3.104545
-3.119371
-3.130914
-3.139155
-3.144081
-3.145681
-3.143950
-3.138883
-3.130481
-3.118748
-3.103692
-3.085322
-3.063655
-3.038707
-3.010500
-2.979060
-2.944415
-2.906597
-2.865641
-2.821587
-2.774478
-2.724358
-2.671276
-2.615286
-2.556443
-2.494805
-2.430435
-2.363397
-2.293760
-2.221595
-2.146974
-2.069976
-1.990679
-1.909165
-1.825520
-1.739830
-1.652185
-1.562676
-1.471399
-1.378448
-1.283923
-1.187923
-1.090551
-.991910
-.892106
-.791246
-.689437
-.586790
-.483416
-.379426
-.274932
-.170049
-.064890
.040430
.145794
.251089
.356198
.461005
.565395
.669252
.772461
.874907
.976475
1.077053
1.176527
1.274787
1.371721
1.467219
1.561174
1.653480
1.744030
1.832722
1.919454
2.004127
2.086642
2.166905
2.244823
2.320305
2.393262
2.463609
2.531263
2.596145
2.658176
2.717284
2.773396
2.826446
2.876367
2.923100
2.966587
3.006773
3.043607
3.077043
3.107037
3.133550
3.156546
3.175994
3.191865
3.204136
3.212786
3.217801
3.219168
3.216880
3.210933
3.201328
3.188070
3.171168
3.150635
3.126488
3.098750
3.067446
3.032605
2.994262
2.952454
2.907224
2.858619
2.806687
2.751484
2.693067
2.631498
2.566842
2.499169
2.428553
2.355068
2.278797
2.199821
2.118228
2.034107
1.947553
1.858660
1.767530
1.674262
1.578963
1.481739
1.382701
1.281961
1.179633
1.075834
.970682
.864300
.756807
.648330
.538992
.428921
.318245
.207092
.095593
-.016122
-.127923
-.239677
-.351252
-.462517
-.573340
-.683589
-.793132
-.901838
-1.009578
-1.116222
-1.221642
-1.325709
-1.428299
-1.529286
-1.628548
-1.725963
-1.821411
-1.914776
-2.005942
-2.094797
-2.181229
-2.265132
-2.346400
-2.424931
-2.500626
-2.573389
-2.643128
-2.709753
-2.773178
-2.833322
-2.890105
-2.943454
-2.993297
-3.039569
-3.082207
-3.121152
-3.156351
-3.187755
-3.215318
-3.239001
-3.258767
-3.274585
-3.286429
-3.294277
-3.298113
-3.297925
-3.293704
-3.285451
-3.273166
-3.256858
-3.236540
-3.212229
-3.183948
-3.151724
-3.115590
-3.075583
-3.031746
-2.984124
-2.932772
-2.877744
-2.819102
-2.756912
-2.691245
-2.622176
-2.549784
-2.474152
-2.395370
-2.313528
-2.228724
-2.141058
-2.050633
-1.957557
-1.861941
-1.763902
-1.663555
-1.561024
-1.456433
-1.349908
-1.241581
-1.131583
-1.020050
-.907120
-.792933
-.677629
-.561353
-.444249
-.326465
-.208147
-.089445
.029492
.148512
.267466
.386201
.504566
.622410
.739582
.855930
.971305
1.085557
1.198538
1.310101
1.420100
1.528392
1.634833
1.739284
1.841606
1.941664
2.039325
2.134457
2.226933
2.316628
2.403422
2.487196
2.567836
2.645231
2.719275
2.789864
2.856901
2.920290
2.979944
3.035775
3.087705
3.135657
3.179561
3.219352
3.254969
3.286358
3.313469
3.336258
3.354686
3.368721
3.378336
3.383508
3.384223
3.380471
3.372247
3.359553
3.342398
3.320795
3.294764
3.264331
3.229526
3.190389
3.146962
3.099294
3.047440
2.991462
2.931425
2.867403
2.799471
2.727713
2.652219
2.573081
2.490399
2.404276
2.314822
2.222150
2.126378
2.027630
1.926033
1.821718
1.714821
1.605482
1.493844
1.380053
1.264260
1.146619
1.027285
.906418
.784179
.660733
.536245
.410884
.284820
.158224
.031269
-.095873
-.223025
-.350015
-.476665
-.602801
-.728249
-.852832
-.976377
-1.098711
-1.219662
-1.339059
-1.456733
-1.572517
-1.686246
-1.797757
-1.906890
-2.013489
-2.117397
-2.218465
-2.316546
-2.411495
-2.503172
-2.591442
-2.676174
-2.757241
-2.834521
-2.907896
-2.977256
-3.042493
-3.103506
-3.160200
-3.212485
-3.260278
-3.303501
-3.342082
-3.375958
-3.405068
-3.429361
-3.448793
-3.463324
-3.472924
-3.477567
-3.477237
-3.471922
-3.461619
-3.446333
-3.426073
-3.400859
-3.370715
-3.335674
-3.295776
-3.251067
-3.201602
-3.147441
-3.088653
-3.025313
-2.957502
-2.885308
-2.808828
-2.728162
-2.643419
-2.554714
-2.462168
-2.365906
-2.266062
-2.162773
-2.056184
-1.946444
-1.833706
-1.718131
-1.599881
-1.479125
-1.356036
-1.230791
-1.103569
-.974555
-.843936
-.711902
-.578645
-.444363
-.309252
-.173511
-.037342
.099053
.235470
.371706
.507554
.642812
.777274
.910736
1.042994
1.173848
1.303095
1.430538
1.555979
1.679224
1.800080
1.918359
2.033875
2.146445
2.255893
2.362043
2.464725
2.563776
2.659034
2.750344
2.837559
2.920533
2.999129
3.073217
3.142671
3.207373
3.267212
3.322084
3.371891
3.416546
3.455965
3.490076
3.518812
3.542115
3.559937
3.572235
3.578978
3.580141
3.575708
3.565674
3.550039
3.528815
3.502021
3.469685
3.431845
3.388547
3.339845
3.285804
3.226494
3.161997
3.092403
3.017808
2.938319
2.854050
2.765123
2.671668
2.573823
2.471733
2.365551
2.255436
2.141555
2.024081
1.903194
1.779080
1.651930
1.521942
1.389317
1.254265
1.116996
.977729
.836683
.694082
.550156
.405135
.259251
.112742
-.034156
-.181202
-.328158
-.474781
-.620829
-.766063
-.910239
-1.053119
-1.194463
-1.334034
-1.471596
-1.606916
-1.739765
-1.869914
-1.997141
-2.121227
-2.241956
-2.359119
-2.472510
-2.581929
-2.687183
-2.788085
-2.884453
-2.976114
-3.062901
-3.144654
-3.221222
-3.292462
-3.358240
-3.418428
-3.472910
-3.521578
-3.564334
-3.601089
-3.631764
-3.656289
-3.674607
-3.686670
-3.692438
-3.691885
-3.684996
-3.671763
-3.652193
-3.626301
-3.594115
-3.555673
-3.511024
-3.460228
-3.403357
-3.340491
-3.271723
-3.197157
-3.116907
-3.031095
-2.939857
-2.843338
-2.741690
-2.635078
-2.523675
-2.407664
-2.287235
-2.162589
-2.033933
-1.901484
-1.765464
-1.626106
-1.483646
-1.338329
-1.190405
-1.040131
-.887767
-.733580
-.577840
-.420822
-.262804
-.104066
.055107
.214431
.373620
.532384
.690435
.847486
1.003249
1.157436
1.309764
1.459949
1.607711
1.752774
1.894864
2.033712
2.169054
2.300631
2.428190
2.551485
2.670274
2.784326
2.893416
2.997326
3.095848
3.188783
3.275942
3.357144
3.432221
3.501014
3.563374
3.619165
3.668263
3.710555
3.745941
3.774333
3.795655
3.809846
3.816856
3.817239
3.812208
3.801641
3.785323
3.762992
3.734344
3.699033
3.656676
3.606852
3.549111
3.482971
3.407929
3.323459
3.229023
3.124075
3.008067
2.880457
2.740721
2.588361
2.422914
2.243972
2.051186
1.844289
1.623110
1.387588
1.137797
.873964
.596485
.305953
.003176
-.310800
-.634674
-.966865
-1.305495
-1.648378
-1.993002
-2.336526
-2.675773
-3.007241
-3.327107
-3.631249
-3.915281
-4.174588
-4.404378
-4.599755
-4.755789
-4.867611
-4.930524
-4.940113
-4.892383
-4.783899
-4.611936
-4.374632
-4.071148
-3.701823
-3.268316
-2.773736
-2.222760
-1.621705
-.978578
-.303080
.393448
1.098132
1.796730
2.473877
3.113392
3.698653
4.213050
4.640481
4.965916
5.175982
5.259573
5.208454
5.017834
4.686875
4.219121
3.622800
2.910976
2.101521
1.216891
.283681
-.668054
-1.605692
-2.495149
-3.302175
-3.993783
-4.539767
-4.914248
-5.097157
-5.075581
-4.844883
-4.409506
-3.783397
-2.989964
-2.061545
-1.038351
.033103
1.102034
2.115824
3.022732
3.774769
4.330547
4.657939
4.736368
4.558546
4.131508
3.476826
2.629920
1.638452
.559861
-.541892
-1.600136
-2.549691
-3.331144
-3.894927
-4.204879
-4.241028
-4.001342
-3.502266
-2.777971
-1.878300
-.865520
.189918
1.214328
2.136082
2.890858
3.426430
3.706616
3.714058
3.451584
2.942029
2.226508
1.361241
.413205
-.545076
-1.441171
-2.208351
-2.790719
-3.147439
-3.255731
-3.112385
-2.733694
-2.153831
-1.421825
-.597414
.253870
1.065885
1.776865
2.334246
2.698538
2.846070
2.770453
2.482675
2.009851
1.392758
.682372
-.064308
-.788791
-1.435654
-1.956742
-2.314726
-2.485729
-2.460864
-2.246570
-1.863763
-1.345891
-.736052
-.083456
.560523
1.146364
1.630175
1.976956
2.163094
2.177925
2.024256
1.717842
1.285863
.764573
.196280
-.374055
-.902346
-1.348777
-1.680767
-1.875324
-1.920598
-1.816538
-1.574626
-1.216719
-.773129
-.280082
.223212
.697657
1.107288
1.421973
1.619605
1.687627
1.623779
1.436032
1.141742
.766090
.339957
-.102591
-.527005
-.900935
-1.196675
-1.393195
-1.477612
-1.445995
-1.303463
-1.063579
-.747113
-.380265
.007477
.385694
.725404
1.001266
1.193455
1.289063
1.282935
1.177894
.984332
.719237
.404727
.066226
-.269576
-.576816
-.832430
-1.017873
-1.120448
-1.134145
-1.059960
-.905647
-.684970
-.416500
-.122067
.174996
.451693
.687129
.864079
.970231
.999021
.950013
.828785
.646365
.418249
.163104
-.098747
-.346930
-.562600
-.729855
-.836898
-.876854
-.848187
-.754693
-.605086
-.412214
-.191965
.038023
.259767
.456338
.613139
.718981
.766868
.754441
.684050
.562468
.400264
.210898
.009620
-.187757
-.366082
-.512028
-.615071
-.668247
-.668601
-.617324
-.519567
-.383951
-.221819
-.046302
.128740
.289802
.424772
.523831
.580159
.590393
.554807
.477205
.364550
.226347
.073858
-.080816
-.225680
-.349776
-.444003
-.501774
-.519470
-.496649
-.436009
-.343104
-.225852
-.093868
.042318
.172094
.285588
.374412
.432279
.455434
.442890
.396441
.320454
.221479
.107687
-.011793
-.127605
-.230893
-.313970
-.370888
-.397856
-.393484
-.358832
-.297274
-.214185
-.116475
-.012027
.090939
.184507
.261671
.316850
.346292
.348318
.323403
.274093
.204759
.121215
.030240
-.060970
-.145368
-.216595
-.269454
-.300290
-.307228
-.290285
-.251321
-.193851
-.122740
-.043794
.036712
.112526
.177902
.228034
.259402
.270018
.259541
.229267
.181990
.121752
.053504
-.017300
-.085135
-.144831
-.191966
-.223193
-.236466
-.231176
-.208158
-.169600
-.118837
-.060070
.001979
.062443
.116691
.160677
.191242
.206336
.205151
.188153
.157021
.114483
.064087
.009907
-.043788
-.092864
-.133636
-.163150
-.179386
-.181397
-.169356
-.144517
-.109093
-.066063
-.018926
.028585
.072793
.110360
.138539
.155371
.159819
.151824
.132292
.102996
.066424
.025567
-.016320
-.055982
-.090405
-.117054
-.134051
-.140305
-.135582
-.120499
-.096461
-.065530
-.030253
.006545
.041989
.073374
.098368
.115191
.122732
.120623
.109249
.089703
.063681
.033344
.001132
-.030424
-.058903
-.082177
-.098569
-.106972
-.106922
-.098617
-.082890
-.061126
-.035145
-.007050
.020941
.046670
.068201
.083970
.092891
.094435
.088651
.076157
.058070
.035918
.011503
-.013236
-.036383
-.056186
-.071194
-.080359
-.083108
-.079377
-.069603
-.054680
-.035881
-.014744
.007043
.027783
.045900
.060054
.069246
.072878
.070800
.063304
.051093
.035218
.016991
-.002127
-.020640
-.037132
-.050377
-.059426
-.063679
-.062916
-.057313
-.047415
-.034084
-.018429
-.001712
.014751
.029695
.042002
.050781
.055438
.055706
.051667
.043733
.032604
.019216
.004652
-.009934
-.023417
-.034781
-.043197
-.048084
-.049145
-.046387
-.040112
-.030884
-.019485
-.006844
.006034
.018148
.028582
.036568
.041546
.043202
.041484
.036603
.029008
.019349
.008418
-.002910
-.013752
-.023282
-.030794
-.035755
-.037842
-.036958
-.033242
-.027044
-.018901
-.009487
.000442
.010108
.018771
.025784
.030645
.033027
.032805
.030055
.025047
.018222
.010147
.001475
-.007111
-.014950
-.021453
-.026150
-.028720
-.029013
-.027059
-.023061
-.017374
-.010478
-.002931
.004667
.011730
.017724
.022212
.024881
.025567
.024263
.021116
.016412
.010548
.004006
-.002695
-.009033
-.014527
-.018773
-.021471
-.022450
-.021672
-.019239
-.015377
-.010417
-.004767
.001121
.006786
.011797
.015781
.018455
.019642
.019285
.017448
.014305
.010131
.005271
.000116
-.004929
-.009477
-.013189
-.015796
-.017124
-.017098
-.015754
-.013224
-.009731
-.005568
-.001071
.003405
.007515
.010950
.013460
.014873
.015105
.014165
.012153
.009250
.005699
.001790
-.002167
-.005865
-.009025
-.011415
-.012869
-.013296
-.012686
-.011111
-.008714
-.005700
-.002315
.001170
.004485
.007377
.009632
.011092
.011662
.011318
.010108
.008146
.005600
.002680
-.000379
-.003338
-.005971
-.008083
-.009522
-.010192
-.010060
-.009154
-.007562
-.005424
-.002915
-.000240
.002392
.004779
.006742
.008139
.008875
.008909
.008254
.006978
.005192
.003046
.000715
-.001618
-.003772
-.005585
-.006925
-.007699
-.007861
-.007413
-.006402
-.004920
-.003093
