-1.572732
-1.585392
-1.597026
-1.607627
-1.617188
-1.625701
-1.633160
-1.639561
-1.644897
-1.649166
-1.652364
-1.654488
-1.655537
-1.655509
-1.654403
-1.652219
-1.648959
-1.644624
-1.639217
-1.632739
-1.625196
-1.616591
-1.606929
-1.596215
-1.584458
-1.571663
-1.557838
-1.542992
-1.527134
-1.510273
-1.492421
-1.473588
-1.453787
-1.433029
-1.411327
-1.388696
-1.365150
-1.340702
-1.315371
-1.289170
-1.262117
-1.234229
-1.205525
-1.176021
-1.145738
-1.114695
-1.082911
-1.050407
-1.017205
-.983324
-.948788
-.913619
-.877840
-.841473
-.804542
-.767071
-.729085
-.690608
-.651665
-.612282
-.572485
-.532299
-.491750
-.450866
-.409672
-.368196
-.326466
-.284507
-.242349
-.200019
-.157544
-.114952
-.072273
-.029532
.013240
.056016
.098767
.141466
.184084
.226593
.268964
.311170
.353182
.394973
.436514
.477778
.518739
.559367
.599636
.639520
.678991
.718023
.756591
.794667
.832227
.869245
.905697
.941558
.976803
1.011410
1.045354
1.078613
1.111164
1.142985
1.174055
1.204352
1.233855
1.262546
1.290404
1.317410
1.343545
1.368793
1.393135
1.416554
1.439035
1.460562
1.481120
1.500695
1.519273
1.536841
1.553388
1.568900
1.583368
1.596781
1.609130
1.620406
1.630600
1.639705
1.647714
1.654622
1.660423
1.665113
1.668688
1.671144
1.672481
1.672695
1.671787
1.669756
1.666603
1.662330
1.656939
1.650432
1.642814
1.634089
1.624263
1.613341
1.601329
1.588237
1.574071
1.558841
1.542556
1.525226
1.506864
1.487480
1.467088
1.445699
1.423329
1.399992
1.375702
1.350477
1.324331
1.297283
1.269351
1.240552
1.210905
1.180431
1.149149
1.117080
1.084245
1.050666
1.016366
.981367
.945693
.909366
.872413
.834856
.796722
.758036
.718824
.679112
.638927
.598296
.557246
.515805
.474001
.431862
.389416
.346693
.303721
.260528
.217146
.173602
.129927
.086150
.042301
-.001591
-.045495
-.089381
-.133219
-.176981
-.220635
-.264151
-.307501
-.350653
-.393580
-.436251
-.478636
-.520708
-.562436
-.603792
-.644748
-.685275
-.725345
-.764932
-.804006
-.842541
-.880511
-.917889
-.954649
-.990766
-1.026214
-1.060969
-1.095006
-1.128302
-1.160834
-1.192578
-1.223512
-1.253615
-1.282865
-1.311242
-1.338726
-1.365298
-1.390938
-1.415628
-1.439351
-1.462090
-1.483829
-1.504552
-1.524244
-1.542892
-1.560481
-1.576999
-1.592434
-1.606774
-1.620010
-1.632131
-1.643128
-1.652993
-1.661719
-1.669298
-1.675726
-1.680996
-1.685105
-1.688049
-1.689826
-1.690432
-1.689868
-1.688133
-1.685228
-1.681153
-1.675912
-1.669506
-1.661941
-1.653219
-1.643347
-1.632332
-1.620179
-1.606896
-1.592493
-1.576979
-1.560363
-1.542657
-1.523872
-1.504021
-1.483117
-1.461174
-1.438206
-1.414230
-1.389260
-1.363315
-1.336410
-1.308566
-1.279800
-1.250132
-1.219582
-1.188171
-1.155921
-1.122853
-1.088990
-1.054355
-1.018973
-.982867
-.946062
-.908584
-.870458
-.831710
-.792368
-.752459
-.712010
-.671049
-.629605
-.587706
-.545382
-.502662
-.459575
-.416153
-.372424
-.328420
-.284171
-.239709
-.195064
-.150267
-.105351
-.060346
-.015285
.029802
.074882
.119923
.164895
.209764
.254500
.299071
.343446
.387592
.431479
.475075
.518350
.561273
.603813
.645940
.687624
.728836
.769545
.809723
.849341
.888371
.926785
.964554
1.001653
1.038054
1.073731
1.108658
1.142811
1.176164
1.208693
1.240375
1.271187
1.301107
1.330112
1.358181
1.385295
1.411432
1.436574
1.460703
1.483801
1.505850
1.526835
1.546739
1.565548
1.583248
1.599826
1.615268
1.629565
1.642703
1.654674
1.665469
1.675078
1.683494
1.690711
1.696722
1.701523
1.705110
1.707478
1.708627
1.708553
1.707257
1.704738
1.700999
1.696040
1.689864
1.682475
1.673879
1.664079
1.653083
1.640898
1.627531
1.612991
1.597289
1.580435
1.562440
1.543316
1.523077
1.501736
1.479309
1.455809
1.431255
1.405663
1.379050
1.351435
1.322838
1.293278
1.262776
1.231354
1.199034
1.165838
1.131790
1.096913
1.061234
1.024776
.987566
.949630
.910996
.871689
.831740
.791176
.750026
.708319
.666086
.623356
.580161
.536531
.492498
.448093
.403349
.358297
.312970
.267401
.221623
.175668
.129571
.083364
.037082
-.009243
-.055576
-.101885
-.148135
-.194292
-.240323
-.286194
-.331873
-.377324
-.422516
-.467414
-.511987
-.556200
-.600023
-.643422
-.686366
-.728823
-.770762
-.812151
-.852960
-.893160
-.932719
-.971609
-1.009801
-1.047267
-1.083978
-1.119907
-1.155028
-1.189314
-1.222740
-1.255280
-1.286910
-1.317606
-1.347346
-1.376107
-1.403866
-1.430603
-1.456299
-1.480932
-1.504485
-1.526939
-1.548277
-1.568483
-1.587542
-1.605438
-1.622157
-1.637687
-1.652015
-1.665131
-1.677023
-1.687681
-1.697099
-1.705267
-1.712178
-1.717828
-1.722211
-1.725323
-1.727160
-1.727721
-1.727005
-1.725011
-1.721740
-1.717193
-1.711374
-1.704285
-1.695930
-1.686317
-1.675450
-1.663337
-1.649986
-1.635407
-1.619609
-1.602603
-1.584402
-1.565017
-1.544463
-1.522754
-1.499906
-1.475934
-1.450857
-1.424691
-1.397456
-1.369171
-1.339857
-1.309535
-1.278227
-1.245955
-1.212743
-1.178615
-1.143596
-1.107712
-1.070988
-1.033452
-.995132
-.956055
-.916249
-.875746
-.834573
-.792762
-.750343
-.707349
-.663809
-.619758
-.575227
-.530250
-.484860
-.439091
-.392976
-.346551
-.299850
-.252908
-.205759
-.158439
-.110985
-.063430
-.015811
.031836
.079476
.127072
.174589
.221992
.269243
.316308
.363151
.409737
.456030
.501995
.547597
.592802
.637575
.681882
.725689
.768963
.811672
.853781
.895259
.936075
.976197
1.015593
1.054234
1.092091
1.129133
1.165332
1.200661
1.235091
1.268597
1.301151
1.332730
1.363308
1.392861
1.421366
1.448801
1.475145
1.500376
1.524475
1.547422
1.569200
1.589791
1.609178
1.627346
1.644281
1.659969
1.674396
1.687551
1.699424
1.710004
1.719282
1.727251
1.733904
1.739233
1.743236
1.745907
1.747244
1.747245
1.745908
1.743235
1.739226
1.733884
1.727212
1.719213
1.709893
1.699259
1.687318
1.674078
1.659548
1.643739
1.626662
1.608329
1.588754
1.567950
1.545934
1.522720
1.498326
1.472771
1.446073
1.418251
1.389327
1.359322
1.328259
1.296160
1.263050
1.228954
1.193897
1.157906
1.121008
1.083230
1.044602
1.005153
.964913
.923911
.882181
.839752
.796659
.752932
.708607
.663717
.618296
.572380
.526003
.479201
.432011
.384468
.336610
.288472
.240094
.191511
.142762
.093884
.044915
-.004106
-.053142
-.102154
-.151104
-.199954
-.248666
-.297202
-.345523
-.393593
-.441373
-.488825
-.535914
-.582600
-.628848
-.674622
-.719885
-.764601
-.808735
-.852253
-.895119
-.937300
-.978762
-1.019472
-1.059398
-1.098508
-1.136770
-1.174155
-1.210632
-1.246172
-1.280746
-1.314327
-1.346887
-1.378401
-1.408842
-1.438186
-1.466410
-1.493490
-1.519404
-1.544131
-1.567651
-1.589943
-1.610991
-1.630777
-1.649283
-1.666495
-1.682398
-1.696979
-1.710225
-1.722124
-1.732667
-1.741845
-1.749648
-1.756071
-1.761106
-1.764749
-1.766996
-1.767845
-1.767294
-1.765341
-1.761989
-1.757238
-1.751091
-1.743553
-1.734628
-1.724322
-1.712643
-1.699599
-1.685199
-1.669454
-1.652376
-1.633976
-1.614270
-1.593271
-1.570996
-1.547461
-1.522685
-1.496685
-1.469483
-1.441099
-1.411554
-1.380871
-1.349075
-1.316190
-1.282241
-1.247255
-1.211258
-1.174280
-1.136348
-1.097493
-1.057746
-1.017136
-.975697
-.933460
-.890460
-.846729
-.802303
-.757218
-.711507
-.665208
-.618357
-.570993
-.523152
-.474872
-.426192
-.377151
-.327788
-.278143
-.228255
-.178165
-.127912
-.077538
-.027081
.023416
.073914
.124371
.174746
.225000
.275091
.324978
.374622
.423982
.473018
.521690
.569958
.617783
.665126
.711948
.758211
.803877
.848909
.893269
.936922
.979830
1.021960
1.063276
1.103744
1.143330
1.182002
1.219727
1.256475
1.292214
1.326916
1.360550
1.393089
1.424505
1.454772
1.483865
1.511758
1.538429
1.563855
1.588013
1.610885
1.632448
1.652687
1.671582
1.689117
1.705277
1.720048
1.733417
1.745372
1.755902
1.764997
1.772649
1.778851
1.783596
1.786879
1.788698
1.789048
1.787930
1.785342
1.781286
1.775764
1.768779
1.760337
1.750443
1.739105
1.726330
1.712128
1.696509
1.679486
1.661072
1.641281
1.620128
1.597629
1.573802
1.548667
1.522242
1.494549
1.465609
1.435446
1.404084
1.371547
1.337863
1.303057
1.267158
1.230195
1.192198
1.153197
1.113225
1.072313
1.030495
.987805
.944278
.899949
.854854
.809031
.762518
.715351
.667571
.619216
.570326
.520942
.471104
.420853
.370232
.319282
.268046
.216566
.164884
.113044
.061090
.009063
-.042991
-.095030
-.147011
-.198889
-.250620
-.302163
-.353472
-.404506
-.455220
-.505573
-.555522
-.605025
-.654038
-.702522
-.750435
-.797737
-.844387
-.890344
-.935572
-.980029
-1.023679
-1.066485
-1.108409
-1.149415
-1.189469
-1.228536
-1.266581
-1.303573
-1.339480
-1.374269
-1.407911
-1.440377
-1.471638
-1.501667
-1.530437
-1.557924
-1.584103
-1.608951
-1.632446
-1.654567
-1.675294
-1.694609
-1.712493
-1.728932
-1.743910
-1.757412
-1.769427
-1.779944
-1.788951
-1.796440
-1.802405
-1.806838
-1.809734
-1.811091
-1.810905
-1.809176
-1.805904
-1.801091
-1.794739
-1.786853
-1.777439
-1.766503
-1.754053
-1.740099
-1.724652
-1.707724
-1.689329
-1.669480
-1.648194
-1.625487
-1.601379
-1.575889
-1.549038
-1.520847
-1.491340
-1.460541
-1.428476
-1.395171
-1.360654
-1.324954
-1.288099
-1.250122
-1.211054
-1.170928
-1.129778
-1.087637
-1.044542
-1.000530
-.955637
-.909901
-.863361
-.816058
-.768030
-.719319
-.669967
-.620015
-.569507
-.518485
-.466994
-.415078
-.362780
-.310147
-.257223
-.204055
-.150688
-.097167
-.043541
.010146
.063846
.117513
.171100
.224561
.277848
.330916
.383719
.436209
.488341
.540070
.591349
.642135
.692382
.742046
.791083
.839450
.887104
.934004
.980107
1.025372
1.069760
1.113230
1.155745
1.197266
1.237755
1.277178
1.315498
1.352680
1.388692
1.423501
1.457076
1.489385
1.520400
1.550093
1.578435
1.605402
1.630968
1.655110
1.677806
1.699034
1.718775
1.737009
1.753721
1.768893
1.782511
1.794562
1.805035
1.813918
1.821203
1.826881
1.830947
1.833396
1.834224
1.833429
1.831011
1.826970
1.821309
1.814032
1.805144
1.794650
1.782561
1.768884
1.753630
1.736813
1.718446
1.698543
1.677122
1.654199
1.629795
1.603930
1.576626
1.547906
1.517794
1.486316
1.453499
1.419372
1.383963
1.347304
1.309426
1.270361
1.230145
1.188811
1.146396
1.102938
1.058473
1.013042
.966684
.919440
.871351
.822460
.772810
.722445
.671410
.619750
.567511
.514739
.461482
.407786
.353700
.299273
.244552
.189588
.134428
.079124
.023724
-.031721
-.087162
-.142548
-.197830
-.252957
-.307879
-.362548
-.416911
-.470922
-.524530
-.577687
-.630343
-.682452
-.733964
-.784834
-.835014
-.884458
-.933121
-.980958
-1.027925
-1.073978
-1.119076
-1.163175
-1.206235
-1.248216
-1.289080
-1.328787
-1.367301
-1.404585
-1.440605
-1.475327
-1.508717
-1.540745
-1.571380
-1.600593
-1.628356
-1.654643
-1.679427
-1.702686
-1.724397
-1.744538
-1.763090
-1.780035
-1.795355
-1.809036
-1.821063
-1.831424
-1.840108
-1.847105
-1.852409
-1.856012
-1.857910
-1.858100
-1.856580
-1.853351
-1.848413
-1.841769
-1.833426
-1.823388
-1.811663
-1.798262
-1.783195
-1.766475
-1.748115
-1.728131
-1.706541
-1.683363
-1.658617
-1.632324
-1.604509
-1.575195
-1.544407
-1.512175
-1.478525
-1.443489
-1.407097
-1.369383
-1.330379
-1.290122
-1.248648
-1.205993
-1.162198
-1.117301
-1.071344
-1.024368
-.976416
-.927533
-.877763
-.827151
-.775745
-.723591
-.670738
-.617234
-.563129
-.508472
-.453316
-.397710
-.341706
-.285357
-.228715
-.171833
-.114763
-.057560
-.000277
.057033
.114315
.171516
.228582
.285459
.342095
.398434
.454424
.510011
.565144
.619770
.673837
.727293
.780087
.832170
.883491
.934001
.983651
1.032395
1.080185
1.126976
1.172721
1.217377
1.260901
1.303250
1.344383
1.384261
1.422844
1.460094
1.495976
1.530453
1.563492
1.595061
1.625127
1.653661
1.680635
1.706021
1.729794
1.751930
1.772406
1.791202
1.808298
1.823676
1.837320
1.849216
1.859350
1.867712
1.874292
1.879081
1.882075
1.883268
1.882658
1.880243
1.876026
1.870007
1.862191
1.852585
1.841195
1.828031
1.813105
1.796429
1.778017
1.757886
1.736054
1.712540
1.687365
1.660553
1.632127
1.602113
1.570540
1.537436
1.502831
1.466759
1.429252
1.390345
1.350076
1.308481
1.265599
1.221472
1.176141
1.129648
1.082038
1.033356
.983647
.932961
.881344
.828846
.775518
.721410
.666574
.611064
.554932
.498233
.441021
.383353
.325282
.266867
.208162
.149227
.090118
.030892
-.028393
-.087678
-.146907
-.206020
-.264960
-.323668
-.382088
-.440161
-.497832
-.555041
-.611733
-.667852
-.723342
-.778148
-.832215
-.885490
-.937920
-.989452
-1.040034
-1.089616
-1.138149
-1.185583
-1.231870
-1.276964
-1.320820
-1.363392
-1.404638
-1.444515
-1.482984
-1.520004
-1.555538
-1.589548
-1.622001
-1.652862
-1.682100
-1.709684
-1.735585
-1.759775
-1.782230
-1.802925
-1.821839
-1.838950
-1.854240
-1.867693
-1.879292
-1.889026
-1.896882
-1.902851
-1.906925
-1.909098
-1.909368
-1.907730
-1.904186
-1.898738
-1.891388
-1.882143
-1.871009
-1.857998
-1.843118
-1.826385
-1.807813
-1.787419
-1.765221
-1.741240
-1.715500
-1.688023
-1.658836
-1.627967
-1.595445
-1.561301
-1.525569
-1.488283
-1.449478
-1.409193
-1.367467
-1.324340
-1.279855
-1.234056
-1.186987
-1.138695
-1.089228
-1.038634
-.986963
-.934268
-.880600
-.826013
-.770561
-.714299
-.657285
-.599575
-.541227
-.482299
-.422852
-.362945
-.302638
-.241993
-.181071
-.119934
-.058643
.002738
.064148
.125523
.186802
.247921
.308817
.369430
.429695
.489551
.548937
.607791
.666053
.723662
.780558
.836683
.891979
.946387
.999851
1.052315
1.103724
1.154025
1.203164
1.251091
1.297753
1.343103
1.387092
1.429674
1.470803
1.510435
1.548529
1.585043
1.619937
1.653176
1.684721
1.714540
1.742600
1.768869
1.793320
1.815924
1.836657
1.855496
1.872418
1.887405
1.900440
1.911505
1.920590
1.927681
1.932770
1.935849
1.936914
1.935961
1.932989
1.927999
1.920995
1.911983
1.900968
1.887962
1.872975
1.856022
1.837118
1.816281
1.793531
1.768891
1.742383
1.714034
1.683873
1.651928
1.618232
1.582818
1.545722
1.506981
1.466634
1.424723
1.381289
1.336378
1.290035
1.242307
1.193243
1.142894
1.091312
1.038550
.984662
.929705
.873736
.816812
.758993
.700340
.640913
.580775
.519989
.458620
.396730
.334386
.271654
.208599
.145289
.081790
.018170
-.045503
-.109162
-.172738
-.236165
-.299373
-.362296
-.424866
-.487016
-.548678
-.609787
-.670276
-.730081
-.789136
-.847378
-.904743
-.961168
-1.016593
-1.070957
-1.124200
-1.176264
-1.227092
-1.276629
-1.324818
-1.371608
-1.416946
-1.460783
-1.503069
-1.543757
-1.582801
-1.620159
-1.655787
-1.689646
-1.721698
-1.751905
-1.780233
-1.806650
-1.831125
-1.853629
-1.874137
-1.892623
-1.909067
-1.923447
-1.935746
-1.945950
-1.954043
-1.960016
-1.963860
-1.965569
-1.965137
-1.962565
-1.957852
-1.951001
-1.942018
-1.930909
-1.917686
-1.902361
-1.884947
-1.865462
-1.843926
-1.820358
-1.794784
-1.767230
-1.737722
-1.706293
-1.672973
-1.637799
-1.600805
-1.562033
-1.521521
-1.479313
-1.435454
-1.389990
-1.342969
-1.294442
-1.244461
-1.193079
-1.140352
-1.086336
-1.031089
-.974672
-.917146
-.858572
-.799016
-.738541
-.677214
-.615102
-.552272
-.488795
-.424739
-.360175
-.295175
-.229810
-.164152
-.098275
-.032250
.033847
.099945
.165968
.231844
.297498
.362857
.427849
.492399
.556435
.619886
.682678
.744742
.806008
.866404
.925864
.984319
1.041702
1.097949
1.152993
1.206773
1.259227
1.310294
1.359915
1.408033
1.454591
1.499537
1.542816
1.584380
1.624178
1.662164
1.698294
1.732524
1.764813
1.795124
1.823419
1.849664
1.873828
1.895880
1.915794
1.933544
1.949108
1.962466
1.973601
1.982496
1.989141
1.993524
1.995639
1.995480
1.993045
1.988335
1.981352
1.972102
1.960593
1.946835
1.930843
1.912632
1.892219
1.869627
1.844879
1.818001
1.789021
1.757971
1.724883
1.689793
1.652741
1.613765
1.572909
1.530218
1.485739
1.439521
1.391616
1.342077
1.290960
1.238321
1.184220
1.128718
1.071878
1.013763
.954440
.893976
.832440
.769901
.706433
.642106
.576995
.511175
.444722
.377711
.310220
.242328
.174113
.105654
.037031
-.031676
-.100388
-.169024
-.237504
-.305747
-.373674
-.441204
-.508258
-.574758
-.640623
-.705778
-.770143
-.833643
-.896202
-.957746
-1.018202
-1.077495
-1.135557
-1.192317
-1.247706
-1.301657
-1.354107
-1.404990
-1.454245
-1.501812
-1.547633
-1.591652
-1.633814
-1.674068
-1.712363
-1.748653
-1.782891
-1.815036
-1.845045
-1.872882
-1.898510
-1.921897
-1.943013
-1.961829
-1.978321
-1.992465
-2.004244
-2.013639
-2.020638
-2.025228
-2.027402
-2.027155
-2.024483
-2.019387
-2.011871
-2.001941
-1.989605
-1.974876
-1.957769
-1.938302
-1.916494
-1.892371
-1.865957
-1.837283
-1.806379
-1.773281
-1.738027
-1.700655
-1.661208
-1.619733
-1.576275
-1.530887
-1.483620
-1.434529
-1.383671
-1.331106
-1.276896
-1.221105
-1.163797
-1.105042
-1.044908
-.983467
-.920792
-.856958
-.792041
-.726120
-.659272
-.591578
-.523120
-.453981
-.384244
-.313993
-.243314
-.172292
-.101015
-.029568
.041960
.113482
.184911
.256159
.327138
.397761
.467941
.537590
.606623
.674953
.742496
.809168
.874886
.939567
1.003130
1.065496
1.126586
1.186323
1.244631
1.301437
1.356668
1.410255
1.462128
1.512222
1.560472
1.606816
1.651195
1.693549
1.733826
1.771971
1.807936
1.841671
1.873134
1.902281
1.929073
1.953475
1.975453
1.994976
2.012017
2.026552
2.038560
2.048021
2.054922
2.059251
2.060999
2.060160
2.056733
2.050719
2.042122
2.030949
2.017213
2.000926
1.982106
1.960774
1.936954
1.910673
1.881960
1.850850
1.817378
1.781584
1.743511
1.703203
1.660710
1.616082
1.569373
1.520640
1.469943
1.417343
1.362906
1.306697
1.248787
1.189247
1.128150
1.065574
1.001595
.936295
.869754
.802056
.733287
.663533
.592881
.521423
.449247
.376446
.303113
.229341
.155224
.080857
.006336
-.068244
-.142787
-.217196
-.291376
-.365231
-.438664
-.511580
-.583885
-.655484
-.726283
-.796191
-.865114
-.932963
-.999648
-1.065082
-1.129177
-1.191848
-1.253012
-1.312589
-1.370497
-1.426660
-1.481002
-1.533451
-1.583934
-1.632384
-1.678735
-1.722923
-1.764888
-1.804572
-1.841920
-1.876881
-1.909404
-1.939446
-1.966962
-1.991914
-2.014265
-2.033983
-2.051038
-2.065404
-2.077059
-2.085985
-2.092165
-2.095588
-2.096246
-2.094134
-2.089252
-2.081603
-2.071192
-2.058031
-2.042133
-2.023515
-2.002198
-1.978209
-1.951574
-1.922325
-1.890499
-1.856134
-1.819273
-1.779961
-1.738248
-1.694185
-1.647830
-1.599240
-1.548478
-1.495609
-1.440701
-1.383824
-1.325052
-1.264461
-1.202131
-1.138143
-1.072579
-1.005527
-.937075
-.867313
-.796333
-.724228
-.651096
-.577032
-.502136
-.426508
-.350249
-.273461
-.196248
-.118713
-.040961
.036902
.114772
.192543
.270108
.347363
.424201
.500518
.576209
.651171
.725299
.798491
.870647
.941667
1.011451
1.079903
1.146928
1.212431
1.276320
1.338507
1.398903
1.457423
1.513984
1.568505
1.620910
1.671122
1.719070
1.764684
1.807899
1.848651
1.886881
1.922533
1.955553
1.985892
2.013506
2.038351
2.060389
2.079587
2.095912
2.109340
2.119847
2.127414
2.132027
2.133676
2.132353
2.128057
2.120790
2.110556
2.097368
2.081238
2.062186
2.040234
2.015408
1.987740
1.957264
1.924019
1.888047
1.849396
1.808116
1.764262
1.717891
1.669065
1.617850
1.564314
1.508530
1.450574
1.390523
1.328460
1.264471
1.198642
1.131064
1.061832
.991040
.918787
.845173
.770302
.694277
.617206
.539197
.460358
.380803
.300643
.219991
.138963
.057673
-.023761
-.105226
-.186602
-.267774
-.348625
-.429039
-.508898
-.588088
-.666494
-.744002
-.820499
-.895873
-.970013
-1.042812
-1.114161
-1.183956
-1.252094
-1.318473
-1.382995
-1.445563
-1.506085
-1.564469
-1.620627
-1.674474
-1.725930
-1.774914
-1.821353
-1.865176
-1.906313
-1.944702
-1.980282
-2.012997
-2.042796
-2.069629
-2.093454
-2.114231
-2.131925
-2.146506
-2.157948
-2.166229
-2.171332
-2.173245
-2.171961
-2.167476
-2.159793
-2.148917
-2.134861
-2.117641
-2.097276
-2.073793
-2.047221
-2.017596
-1.984955
-1.949345
-1.910812
-1.869410
-1.825195
-1.778230
-1.728580
-1.676315
-1.621509
-1.564240
-1.504589
-1.442642
-1.378489
-1.312221
-1.243935
-1.173729
-1.101707
-1.027973
-.952635
-.875805
-.797595
-.718121
-.637501
-.555854
-.473301
-.389966
-.305974
-.221449
-.136520
-.051314
.034040
.119414
.204678
.289702
.374357
.458514
.542045
.624820
.706714
.787599
.867352
.945847
1.022965
1.098584
1.172587
1.244859
1.315284
1.383754
1.450160
1.514396
1.576361
1.635956
1.693085
1.747657
1.799584
1.848781
1.895168
1.938670
1.979214
2.016734
2.051165
2.082451
2.110537
2.135376
2.156922
2.175139
2.189991
2.201451
2.209496
2.214106
2.215271
2.212982
2.207237
2.198040
2.185400
2.169331
2.149852
2.126989
2.100772
2.071236
2.038423
2.002379
1.963156
1.920809
1.875401
1.826999
1.775672
1.721499
1.664559
1.604939
1.542728
1.478020
1.410914
1.341513
1.269922
1.196252
1.120616
1.043131
.963918
.883100
.800803
.717156
.632291
.546339
.459438
.371725
.283339
.194420
.105109
.015551
-.074113
-.163737
-.253179
-.342293
-.430936
-.518964
-.606233
-.692602
-.777930
-.862077
-.944905
-1.026277
-1.106059
-1.184120
-1.260329
-1.334559
-1.406687
-1.476592
-1.544156
-1.609265
-1.671809
-1.731680
-1.788778
-1.843004
-1.894265
-1.942470
-1.987537
-2.029386
-2.067943
-2.103138
-2.134909
-2.163197
-2.187950
-2.209121
-2.226668
-2.240557
-2.250758
-2.257249
-2.260011
-2.259035
-2.254314
-2.245852
-2.233654
-2.217735
-2.198116
-2.174821
-2.147884
-2.117343
-2.083243
-2.045635
-2.004574
-1.960125
-1.912354
-1.861337
-1.807153
-1.749888
-1.689632
-1.626481
-1.560536
-1.491903
-1.420693
-1.347022
-1.271009
-1.192779
-1.112459
-1.030182
-.946083
-.860303
-.772982
-.684266
-.594305
-.503247
-.411246
-.318457
-.225037
-.131143
-.036935
.057427
.151782
.245969
.339825
.433191
.525904
.617805
.708734
.798533
.887046
.974119
1.059597
1.143332
1.225176
1.304983
1.382612
1.457926
1.530788
1.601069
1.668642
1.733384
1.795178
1.853911
1.909476
1.961769
2.010694
2.056158
2.098077
2.136370
2.170964
2.201791
2.228791
2.251908
2.271096
2.286312
2.297524
2.304703
2.307830
2.306892
2.301882
2.292802
2.279661
2.262474
2.241263
2.216059
2.186900
2.153829
2.116897
2.076164
2.031695
1.983561
1.931841
1.876622
1.817995
1.756058
1.690916
1.622679
1.551465
1.477394
1.400595
1.321199
1.239346
1.155178
1.068841
.980488
.890274
.798358
.704903
.610076
.514046
.416984
.319064
.220462
.121358
.021929
-.077644
-.177180
-.276496
-.375412
-.473745
-.571315
-.667941
-.763445
-.857650
-.950379
-1.041459
-1.130721
-1.217995
-1.303118
-1.385928
-1.466267
-1.543983
-1.618926
-1.690952
-1.759923
-1.825703
-1.888165
-1.947187
-2.002650
-2.054446
-2.102471
-2.146626
-2.186823
-2.222978
-2.255015
-2.282867
-2.306472
-2.325778
-2.340741
-2.351322
-2.357494
-2.359236
-2.356535
-2.349388
-2.337799
-2.321782
-2.301356
-2.276553
-2.247410
-2.213974
-2.176299
-2.134447
-2.088492
-2.038510
-1.984589
-1.926824
-1.865318
-1.800179
-1.731526
-1.659481
-1.584178
-1.505751
-1.424347
-1.340115
-1.253212
-1.163798
-1.072042
-.978115
-.882193
-.784460
-.685098
-.584298
-.482252
-.379154
-.275204
-.170601
-.065548
.039752
.145095
.250274
.355084
.459319
.562775
.665246
.766530
.866425
.964733
1.061256
1.155800
1.248176
1.338196
1.425678
1.510442
1.592317
1.671133
1.746727
1.818943
1.887629
1.952643
2.013845
2.071107
2.124305
2.173324
2.218058
2.258407
2.294281
2.325599
2.352288
2.374283
2.391531
2.403986
2.411613
2.414386
2.412288
2.405313
2.393464
2.376755
2.355208
2.328857
2.297744
2.261922
2.221454
2.176411
2.126876
2.072939
2.014700
1.952270
1.885766
1.815315
1.741055
1.663127
1.581685
1.496888
1.408903
1.317905
1.224074
1.127598
1.028670
.927491
.824264
.719199
.612510
.504416
.395138
.284902
.173935
.062466
-.049270
-.161043
-.272617
-.383757
-.494230
-.603802
-.712240
-.819313
-.924792
-1.028450
-1.130065
-1.229416
-1.326288
-1.420469
-1.511754
-1.599942
-1.684837
-1.766251
-1.844003
-1.917917
-1.987828
-2.053575
-2.115008
-2.171986
-2.224375
-2.272052
-2.314903
-2.352824
-2.385722
-2.413515
-2.436129
-2.453503
-2.465587
-2.472342
-2.473741
-2.469768
-2.460418
-2.445699
-2.425630
-2.400241
-2.369576
-2.333688
-2.292643
-2.246518
-2.195403
-2.139398
-2.078613
-2.013171
-1.943204
-1.868857
-1.790281
-1.707641
-1.621110
-1.530869
-1.437110
-1.340033
-1.239845
-1.136761
-1.031004
-.922803
-.812394
-.700020
-.585925
-.470362
-.353587
-.235858
-.117440
.001405
.120408
.239301
.357815
.475682
.592631
.708397
.822712
.935313
1.045939
1.154334
1.260243
1.363419
1.463619
1.560605
1.654148
1.744022
1.830012
1.911911
1.989519
2.062645
2.131110
2.194742
2.253382
2.306881
2.355102
2.397918
2.435215
2.466893
2.492863
2.513048
2.527387
2.535831
2.538343
2.534903
2.525502
2.510148
2.488860
2.461672
2.428633
2.389806
2.345266
2.295105
2.239425
2.178345
2.111994
2.040517
1.964071
1.882823
1.796956
1.706662
1.612146
1.513622
1.411318
1.305467
1.196316
1.084119
.969137
.851642
.731911
.610228
.486882
.362169
.236389
.109844
-.017158
-.144309
-.271298
-.397814
-.523545
-.648181
-.771412
-.892930
-1.012433
-1.129618
-1.244189
-1.355857
-1.464336
-1.569348
-1.670622
-1.767895
-1.860915
-1.949437
-2.033226
-2.112061
-2.185728
-2.254030
-2.316778
-2.373800
-2.424934
-2.470035
-2.508972
-2.541629
-2.567903
-2.587712
-2.600984
-2.607667
-2.607726
-2.601140
-2.587906
-2.568039
-2.541571
-2.508548
-2.469038
-2.423121
-2.370897
-2.312482
-2.248007
-2.177622
-2.101491
-2.019794
-1.932725
-1.840495
-1.743328
-1.641462
-1.535149
-1.424652
-1.310249
-1.192227
-1.070884
-.946529
-.819480
-.690062
-.558611
-.425467
-.290977
-.155494
-.019372
.117027
.253343
.389211
.524268
.658151
.790498
.920949
1.049148
1.174745
1.297392
1.416750
1.532487
1.644279
1.751809
1.854775
1.952880
2.045844
2.133397
2.215283
2.291260
2.361101
2.424596
2.481550
2.531786
2.575143
2.611480
2.640674
2.662622
2.677238
2.684459
2.684240
2.676557
2.661409
2.638811
2.608804
2.571446
2.526818
2.475021
2.416176
2.350427
2.277935
2.198882
2.113470
2.021920
1.924470
1.821378
1.712918
1.599380
1.481072
1.358315
1.231446
1.100815
.966782
.829724
.690023
.548074
.404279
.259048
.112797
-.034054
-.181078
-.327849
-.473937
-.618914
-.762351
-.903823
-1.042907
-1.179186
-1.312249
-1.441692
-1.567119
-1.688146
-1.804398
-1.915513
-2.021142
-2.120951
-2.214622
-2.301852
-2.382358
-2.455873
-2.522153
-2.580970
-2.632122
-2.675426
-2.710723
-2.737876
-2.756775
-2.767330
-2.769480
-2.763187
-2.748439
-2.725251
-2.693663
-2.653739
-2.605574
-2.549283
-2.485011
-2.412927
-2.333224
-2.246122
-2.151863
-2.050714
-1.942965
-1.828926
-1.708931
-1.583334
-1.452508
-1.316844
-1.176751
-1.032654
-.884995
-.734226
-.580815
-.425238
-.267984
-.109546
.049572
.208865
.367822
.525931
.682680
.837558
.990057
1.139675
1.285914
1.428287
1.566314
1.699529
1.827477
1.949719
2.065831
2.175406
2.278059
2.373423
2.461153
2.540929
2.612453
2.675454
2.729689
2.774940
2.811019
2.837769
2.855061
2.862798
2.861919
2.853796
2.838097
2.814365
2.782041
2.740469
2.688909
2.626545
2.552496
2.465831
2.365587
2.250789
2.120471
1.973709
1.809651
1.627555
1.426835
1.207108
.968246
.710440
.434261
.140726
-.168632
-.491701
-.825718
-1.167219
-1.511991
-1.855040
-2.190581
-2.512060
-2.812205
-3.083113
-3.316393
-3.503354
-3.635248
-3.703571
-3.700425
-3.618924
-3.453651
-3.201142
-2.860376
-2.433262
-1.925066
-1.344770
-.705298
-.023582
.679578
1.379900
2.050280
2.661746
3.184705
3.590451
3.852907
3.950499
3.868064
3.598671
3.145163
2.521290
1.752231
.874359
-.065859
-1.013923
-1.910271
-2.694109
-3.307873
-3.702033
-3.839862
-3.701710
-3.288300
-2.622588
-1.749785
-.735293
.339536
1.383652
2.304176
3.015237
3.446935
3.553449
3.319281
2.762738
1.935940
.921043
-.177249
-1.242298
-2.158237
-2.823372
-3.162627
-3.137412
-2.751438
-2.051507
-1.122847
-.079341
.950305
1.838759
2.476521
2.786375
2.733784
2.331654
1.638678
.751381
-.209106
-1.113692
-1.843035
-2.303777
-2.440954
-2.244857
-1.751393
-1.036029
-.202318
.633168
1.356932
1.873959
2.120268
2.070654
1.740933
1.184537
.484085
-.260740
-.947275
-1.483933
-1.802317
-1.865813
-1.673596
-1.259648
-.687062
-.038579
.595277
1.128746
1.492346
1.641831
1.563432
1.274796
.821623
.270590
-.300357
-.812956
-1.199276
-1.410646
-1.423677
-1.242677
-.898210
-.442136
.060095
.538763
.929483
1.181811
1.265670
1.174818
.926964
.560632
.129276
-.306443
-.687129
-.962695
-1.098879
-1.081433
-.917439
-.633690
-.272450
.114774
.474521
.758704
.930987
.971369
.878398
.668807
.374677
.038601
-.292426
-.573535
-.768023
-.852093
-.817695
-.673138
-.441458
-.156837
.140392
.409419
.614515
.729747
.742196
.653318
.478307
.243607
-.017034
-.267370
-.473669
-.609224
-.657764
-.615355
-.490552
-.302856
-.079719
.147420
.347548
.494274
.569277
.564555
.483194
.338608
.152399
-.048830
-.237252
-.387630
-.480679
-.505500
-.460808
-.354811
-.203806
-.029710
.143092
.291136
.395046
.442042
.427477
.355217
.236859
.089914
-.064757
-.205880
-.314677
-.377341
-.386763
-.343293
-.254464
-.133749
.001458
.132323
.241180
.313899
.341696
.322168
.259420
.163313
.047939
-.070420
-.175573
-.253624
-.294789
-.294597
-.254345
-.180732
-.084795
.019735
.118377
.197896
.248063
.262953
.241623
.188084
.110605
.020457
-.069711
-.147633
-.203089
-.229223
-.223380
-.187334
-.126915
-.051085
.029369
.103362
.161030
.195029
.201461
.180295
.135256
.073201
.003092
-.065288
-.122694
-.161652
-.177431
-.168594
-.137097
-.087920
-.028292
.033357
.088580
.130062
.152584
.153663
.133809
.096365
.046961
-.007315
-.058933
-.100954
-.127956
-.136728
-.126635
-.099627
-.059898
-.013239
.033791
.074783
.104348
.118814
.116678
.098738
.067918
.028806
-.013026
-.051804
-.082348
-.100755
-.104895
-.094642
-.071831
-.039949
-.003611
.032105
.062359
.083205
.092096
.088188
.072405
.047259
.016456
-.015642
-.044628
-.066656
-.078944
-.080117
-.070358
-.051329
-.025902
.002269
.029268
.051458
.065970
.071065
.066338
.052734
.032374
.008235
-.016285
-.037837
-.053584
-.061559
-.060918
-.052011
-.036303
-.016139
.005602
.025915
.042081
.052028
.054594
.049656
.038116
.021745
.002919
-.015728
-.031663
-.042804
-.047782
-.046109
-.038215
-.025366
-.009461
.007244
.022451
.034139
.040826
.041754
.036976
.027315
.014235
-.000381
-.014496
-.026208
-.033996
-.036921
-.034736
-.027893
-.017466
-.004983
.007795
.019121
.027500
.031881
.031792
.027382
.019383
.008992
-.002302
-.012938
-.021488
-.026853
-.028402
-.026040
-.020209
-.011808
-.002059
.007672
.016061
.022009
.024781
.024097
.020157
.013597
.005388
-.003302
-.011277
-.017473
-.021103
-.021752
-.019422
-.014522
-.007797
-.000218
.007159
.013336
.017510
.019174
.018180
.014743
.009407
.002955
-.003702
-.009651
-.014105
-.016504
-.016585
-.014408
-.010338
-.004986
.000879
.006445
.010964
.013853
.014770
.013650
.010707
.006398
.001352
-.003724
-.008138
-.011310
-.012846
-.012588
-.010626
-.007279
-.003044
.001475
.005655
.008937
.010904
.011327
.010197
.007714
.004259
.000330
-.003524
-.006780
-.009014
-.009953
-.009511
-.007788
-.005059
-.001725
.001741
.004864
.007230
.008540
.008648
.007577
.005508
.002753
-.000291
-.003203
-.005590
-.007143
-.007678
-.007151
-.005668
-.003460
-.000849
.001798
.004119
.005809
.006657
.006573
.005598
.003892
.001708
-.000640
-.002830
-.004568
-.005631
-.005896
-.005351
-.004094
-.002320
