1.410784
1.363856
1.316025
1.267321
1.217774
1.167417
1.116281
1.064400
1.011806
.958533
.904615
.850088
.794985
.739343
.683197
.626584
.569540
.512102
.454307
.396193
.337797
.279158
.220313
.161302
.102161
.042931
-.016351
-.075646
-.134914
-.194118
-.253217
-.312174
-.370950
-.429505
-.487802
-.545801
-.603466
-.660756
-.717635
-.774065
-.830009
-.885428
-.940287
-.994549
-1.048178
-1.101137
-1.153392
-1.204908
-1.255650
-1.305584
-1.354677
-1.402894
-1.450206
-1.496578
-1.541980
-1.586381
-1.629751
-1.672060
-1.713281
-1.753384
-1.792342
-1.830129
-1.866719
-1.902087
-1.936207
-1.969058
-2.000615
-2.030858
-2.059764
-2.087315
-2.113490
-2.138271
-2.161641
-2.183582
-2.204080
-2.223120
-2.240688
-2.256771
-2.271357
-2.284435
-2.295996
-2.306031
-2.314532
-2.321492
-2.326905
-2.330766
-2.333073
-2.333821
-2.333010
-2.330639
-2.326707
-2.321218
-2.314172
-2.305575
-2.295429
-2.283741
-2.270518
-2.255768
-2.239498
-2.221719
-2.202442
-2.181678
-2.159440
-2.135743
-2.110600
-2.084028
-2.056043
-2.026664
-1.995909
-1.963797
-1.930350
-1.895588
-1.859534
-1.822212
-1.783646
-1.743860
-1.702881
-1.660735
-1.617451
-1.573056
-1.527579
-1.481052
-1.433503
-1.384965
-1.335469
-1.285049
-1.233738
-1.181570
-1.128579
-1.074801
-1.020273
-.965029
-.909108
-.852546
-.795382
-.737654
-.679401
-.620661
-.561475
-.501883
-.441925
-.381640
-.321071
-.260258
-.199242
-.138066
-.076769
-.015395
.046015
.107419
.168776
.230042
.291177
.352138
.412883
.473372
.533561
.593410
.652878
.711923
.770504
.828582
.886115
.943064
.999390
1.055053
1.110014
1.164235
1.217679
1.270308
1.322084
1.372973
1.422937
1.471942
1.519954
1.566939
1.612862
1.657693
1.701398
1.743948
1.785311
1.825459
1.864362
1.901993
1.938324
1.973330
2.006985
2.039265
2.070147
2.099607
2.127625
2.154180
2.179252
2.202823
2.224875
2.245392
2.264358
2.281759
2.297582
2.311814
2.324444
2.335462
2.344859
2.352628
2.358761
2.363253
2.366100
2.367298
2.366845
2.364741
2.360985
2.355579
2.348524
2.339826
2.329488
2.317517
2.303919
2.288703
2.271878
2.253455
2.233444
2.211860
2.188716
2.164027
2.137809
2.110079
2.080855
2.050158
2.018006
1.984422
1.949428
1.913047
1.875305
1.836226
1.795837
1.754166
1.711240
1.667089
1.621743
1.575234
1.527592
1.478851
1.429045
1.378207
1.326373
1.273579
1.219860
1.165255
1.109802
1.053538
.996504
.938739
.880283
.821177
.761462
.701182
.640377
.579091
.517366
.455247
.392777
.330000
.266961
.203705
.140275
.076718
.013079
-.050598
-.114267
-.177882
-.241398
-.304770
-.367951
-.430898
-.493564
-.555905
-.617875
-.679431
-.740527
-.801120
-.861166
-.920621
-.979442
-1.037586
-1.095012
-1.151677
-1.207540
-1.262560
-1.316697
-1.369912
-1.422165
-1.473418
-1.523633
-1.572773
-1.620803
-1.667686
-1.713387
-1.757874
-1.801112
-1.843069
-1.883715
-1.923018
-1.960950
-1.997481
-2.032584
-2.066233
-2.098401
-2.129065
-2.158201
-2.185786
-2.211800
-2.236222
-2.259033
-2.280215
-2.299752
-2.317628
-2.333828
-2.348340
-2.361151
-2.372250
-2.381629
-2.389279
-2.395193
-2.399365
-2.401791
-2.402467
-2.401392
-2.398564
-2.393985
-2.387656
-2.379580
-2.369763
-2.358209
-2.344925
-2.329921
-2.313204
-2.294787
-2.274681
-2.252900
-2.229458
-2.204370
-2.177654
-2.149329
-2.119413
-2.087927
-2.054893
-2.020334
-1.984274
-1.946738
-1.907753
-1.867346
-1.825546
-1.782382
-1.737885
-1.692086
-1.645019
-1.596716
-1.547213
-1.496545
-1.444749
-1.391861
-1.337920
-1.282965
-1.227036
-1.170173
-1.112417
-1.053811
-.994397
-.934219
-.873320
-.811746
-.749541
-.686750
-.623421
-.559599
-.495332
-.430667
-.365651
-.300334
-.234762
-.168986
-.103053
-.037012
.029086
.095194
.161261
.227238
.293077
.358727
.424139
.489265
.554054
.618460
.682433
.745924
.808886
.871271
.933032
.994122
1.054494
1.114103
1.172903
1.230850
1.287898
1.344005
1.399127
1.453222
1.506249
1.558166
1.608933
1.658511
1.706863
1.753949
1.799734
1.844181
1.887257
1.928927
1.969159
2.007921
2.045182
2.080913
2.115085
2.147672
2.178646
2.207984
2.235662
2.261656
2.285946
2.308513
2.329336
2.348399
2.365687
2.381183
2.394875
2.406751
2.416800
2.425013
2.431382
2.435901
2.438563
2.439367
2.438309
2.435388
2.430606
2.423964
2.415466
2.405116
2.392921
2.378888
2.363027
2.345348
2.325862
2.304585
2.281529
2.256711
2.230150
2.201862
2.171869
2.140193
2.106855
2.071881
2.035295
1.997125
1.957398
1.916144
1.873392
1.829175
1.783526
1.736478
1.688066
1.638327
1.587298
1.535017
1.481523
1.426857
1.371060
1.314175
1.256243
1.197310
1.137419
1.076617
1.014950
.952466
.889210
.825234
.760584
.695311
.629466
.563098
.496260
.429002
.361377
.293437
.225235
.156824
.088257
.019587
-.049132
-.117846
-.186501
-.255045
-.323423
-.391582
-.459467
-.527026
-.594204
-.660951
-.727211
-.792934
-.858066
-.922557
-.986354
-1.049408
-1.111667
-1.173083
-1.233606
-1.293187
-1.351779
-1.409334
-1.465807
-1.521151
-1.575323
-1.628278
-1.679972
-1.730366
-1.779416
-1.827083
-1.873329
-1.918115
-1.961404
-2.003161
-2.043351
-2.081940
-2.118898
-2.154193
-2.187794
-2.219676
-2.249809
-2.278168
-2.304730
-2.329472
-2.352372
-2.373410
-2.392567
-2.409828
-2.425175
-2.438596
-2.450077
-2.459608
-2.467178
-2.472782
-2.476411
-2.478061
-2.477729
-2.475414
-2.471115
-2.464834
-2.456574
-2.446340
-2.434138
-2.419977
-2.403865
-2.385814
-2.365836
-2.343946
-2.320160
-2.294494
-2.266969
-2.237603
-2.206419
-2.173441
-2.138693
-2.102202
-2.063995
-2.024102
-1.982554
-1.939382
-1.894619
-1.848301
-1.800463
-1.751143
-1.700379
-1.648211
-1.594680
-1.539828
-1.483698
-1.426335
-1.367784
-1.308091
-1.247304
-1.185472
-1.122643
-1.058867
-.994197
-.928683
-.862378
-.795335
-.727609
-.659254
-.590326
-.520879
-.450970
-.380657
-.309995
-.239043
-.167859
-.096499
-.025024
.046509
.118042
.189515
.260870
.332048
.402990
.473638
.543934
.613819
.683235
.752126
.820432
.888099
.955068
1.021286
1.086695
1.151241
1.214870
1.277528
1.339164
1.399724
1.459158
1.517415
1.574446
1.630203
1.684637
1.737703
1.789355
1.839549
1.888242
1.935391
1.980957
2.024899
2.067180
2.107762
2.146611
2.183692
2.218972
2.252420
2.284007
2.313704
2.341484
2.367324
2.391198
2.413085
2.432965
2.450819
2.466631
2.480384
2.492066
2.501664
2.509168
2.514570
2.517864
2.519044
2.518107
2.515053
2.509881
2.502593
2.493194
2.481690
2.468088
2.452397
2.434629
2.414797
2.392914
2.368998
2.343067
2.315141
2.285241
2.253390
2.219614
2.183939
2.146394
2.107008
2.065814
2.022843
1.978132
1.931715
1.883632
1.833920
1.782621
1.729777
1.675431
1.619628
1.562413
1.503835
1.443942
1.382784
1.320411
1.256876
1.192232
1.126532
1.059833
.992189
.923659
.854300
.784170
.713329
.641836
.569754
.497142
.424063
.350579
.276752
.202647
.128326
.053853
-.020707
-.095291
-.169835
-.244273
-.318541
-.392576
-.466314
-.539688
-.612638
-.685097
-.757004
-.828296
-.898909
-.968783
-1.037855
-1.106066
-1.173354
-1.239661
-1.304927
-1.369096
-1.432109
-1.493912
-1.554448
-1.613664
-1.671507
-1.727925
-1.782868
-1.836285
-1.888128
-1.938352
-1.986909
-2.033756
-2.078849
-2.122149
-2.163614
-2.203207
-2.240891
-2.276631
-2.310393
-2.342145
-2.371859
-2.399505
-2.425056
-2.448489
-2.469781
-2.488909
-2.505856
-2.520604
-2.533138
-2.543443
-2.551510
-2.557328
-2.560889
-2.562189
-2.561223
-2.557990
-2.552491
-2.544727
-2.534704
-2.522428
-2.507907
-2.491153
-2.472176
-2.450992
-2.427618
-2.402071
-2.374372
-2.344544
-2.312610
-2.278597
-2.242534
-2.204449
-2.164375
-2.122345
-2.078395
-2.032563
-1.984886
-1.935405
-1.884164
-1.831206
-1.776576
-1.720321
-1.662492
-1.603136
-1.542307
-1.480057
-1.416440
-1.351513
-1.285332
-1.217956
-1.149443
-1.079855
-1.009252
-.937698
-.865255
-.791989
-.717965
-.643248
-.567906
-.492005
-.415615
-.338803
-.261638
-.184191
-.106531
-.028729
.049146
.127022
.204829
.282497
.359953
.437127
.513950
.590350
.666257
.741603
.816316
.890329
.963573
1.035980
1.107483
1.178016
1.247513
1.315910
1.383142
1.449146
1.513861
1.577226
1.639181
1.699668
1.758630
1.816009
1.871753
1.925808
1.978122
2.028645
2.077328
2.124125
2.168991
2.211880
2.252753
2.291568
2.328289
2.362877
2.395299
2.425522
2.453516
2.479253
2.502706
2.523850
2.542664
2.559126
2.573221
2.584930
2.594242
2.601144
2.605627
2.607685
2.607313
2.604508
2.599270
2.591601
2.581506
2.568992
2.554066
2.536742
2.517031
2.494950
2.470516
2.443751
2.414676
2.383316
2.349697
2.313850
2.275804
2.235594
2.193254
2.148823
2.102339
2.053843
2.003380
1.950995
1.896735
1.840649
1.782788
1.723204
1.661952
1.599089
1.534671
1.468758
1.401411
1.332692
1.262665
1.191394
1.118946
1.045389
.970791
.895221
.818752
.741454
.663400
.584664
.505321
.425444
.345111
.264397
.183379
.102135
.020741
-.060725
-.142184
-.223558
-.304769
-.385740
-.466391
-.546645
-.626424
-.705652
-.784250
-.862143
-.939255
-1.015510
-1.090834
-1.165152
-1.238393
-1.310484
-1.381353
-1.450931
-1.519149
-1.585940
-1.651236
-1.714972
-1.777086
-1.837514
-1.896197
-1.953074
-2.008088
-2.061184
-2.112308
-2.161407
-2.208432
-2.253333
-2.296065
-2.336583
-2.374845
-2.410810
-2.444442
-2.475704
-2.504562
-2.530986
-2.554946
-2.576417
-2.595374
-2.611795
-2.625661
-2.636956
-2.645666
-2.651777
-2.655282
-2.656174
-2.654449
-2.650105
-2.643143
-2.633567
-2.621383
-2.606601
-2.589230
-2.569287
-2.546786
-2.521748
-2.494194
-2.464148
-2.431637
-2.396690
-2.359339
-2.319618
-2.277564
-2.233215
-2.186614
-2.137803
-2.086828
-2.033738
-1.978583
-1.921416
-1.862291
-1.801264
-1.738395
-1.673745
-1.607374
-1.539349
-1.469735
-1.398600
-1.326014
-1.252047
-1.176772
-1.100263
-1.022596
-.943847
-.864095
-.783418
-.701896
-.619611
-.536645
-.453081
-.369003
-.284494
-.199640
-.114526
-.029239
.056136
.141513
.226803
.311922
.396782
.481296
.565378
.648942
.731903
.814174
.895672
.976312
1.056010
1.134685
1.212254
1.288637
1.363753
1.437526
1.509876
1.580729
1.650009
1.717644
1.783562
1.847693
1.909969
1.970323
2.028692
2.085011
2.139221
2.191263
2.241080
2.288618
2.333826
2.376653
2.417052
2.454978
2.490388
2.523243
2.553506
2.581141
2.606116
2.628403
2.647973
2.664804
2.678875
2.690167
2.698664
2.704355
2.707230
2.707281
2.704506
2.698903
2.690475
2.679226
2.665165
2.648303
2.628653
2.606234
2.581063
2.553166
2.522566
2.489293
2.453378
2.414855
2.373762
2.330138
2.284027
2.235473
2.184524
2.131231
2.075648
2.017829
1.957834
1.895722
1.831557
1.765405
1.697331
1.627408
1.555705
1.482297
1.407260
1.330671
1.252609
1.173157
1.092397
1.010412
.927290
.843117
.757982
.671974
.585184
.497706
.409630
.321050
.232062
.142759
.053238
-.036405
-.126076
-.215675
-.305109
-.394279
-.483090
-.571444
-.659247
-.746402
-.832815
-.918390
-1.003035
-1.086656
-1.169161
-1.250459
-1.330461
-1.409077
-1.486221
-1.561806
-1.635749
-1.707966
-1.778376
-1.846901
-1.913462
-1.977986
-2.040397
-2.100625
-2.158602
-2.214261
-2.267537
-2.318369
-2.366698
-2.412467
-2.455623
-2.496115
-2.533893
-2.568914
-2.601134
-2.630514
-2.657018
-2.680613
-2.701269
-2.718957
-2.733656
-2.745344
-2.754005
-2.759624
-2.762190
-2.761698
-2.758142
-2.751523
-2.741844
-2.729111
-2.713333
-2.694525
-2.672702
-2.647886
-2.620098
-2.589366
-2.555721
-2.519195
-2.479825
-2.437651
-2.392717
-2.345069
-2.294756
-2.241830
-2.186349
-2.128369
-2.067953
-2.005165
-1.940073
-1.872746
-1.803257
-1.731681
-1.658096
-1.582582
-1.505221
-1.426099
-1.345302
-1.262920
-1.179042
-1.093763
-1.007177
-.919380
-.830470
-.740547
-.649711
-.558065
-.465711
-.372753
-.279298
-.185450
-.091317
.002995
.097378
.191724
.285925
.379873
.473460
.566579
.659120
.750978
.842045
.932216
1.021386
1.109450
1.196306
1.281851
1.365985
1.448608
1.529622
1.608933
1.686444
1.762065
1.835703
1.907272
1.976685
2.043857
2.108708
2.171159
2.231134
2.288558
2.343361
2.395476
2.444837
2.491382
2.535054
2.575796
2.613557
2.648287
2.679942
2.708480
2.733862
2.756055
2.775026
2.790749
2.803200
2.812360
2.818213
2.820748
2.819955
2.815830
2.808375
2.797592
2.783489
2.766077
2.745372
2.721395
2.694167
2.663717
2.630075
2.593278
2.553363
2.510373
2.464355
2.415360
2.363440
2.308654
2.251063
2.190731
2.127725
2.062119
1.993985
1.923401
1.850450
1.775214
1.697781
1.618240
1.536683
1.453207
1.367907
1.280886
1.192244
1.102086
1.010520
.917653
.823596
.728461
.632362
.535414
.437733
.339437
.240645
.141475
.042048
-.057515
-.157093
-.256565
-.355808
-.454702
-.553123
-.650953
-.748069
-.844351
-.939680
-1.033937
-1.127005
-1.218768
-1.309110
-1.397918
-1.485079
-1.570485
-1.654026
-1.735596
-1.815092
-1.892412
-1.967456
-2.040127
-2.110333
-2.177981
-2.242984
-2.305256
-2.364716
-2.421285
-2.474888
-2.525453
-2.572913
-2.617202
-2.658261
-2.696033
-2.730465
-2.761508
-2.789119
-2.813257
-2.833885
-2.850972
-2.864492
-2.874420
-2.880739
-2.883435
-2.882498
-2.877923
-2.869711
-2.857864
-2.842394
-2.823312
-2.800638
-2.774393
-2.744606
-2.711308
-2.674535
-2.634329
-2.590735
-2.543803
-2.493586
-2.440144
-2.383540
-2.323839
-2.261114
-2.195439
-2.126894
-2.055562
-1.981528
-1.904885
-1.825725
-1.744146
-1.660249
-1.574139
-1.485921
-1.395707
-1.303609
-1.209744
-1.114228
-1.017184
-.918734
-.819002
-.718117
-.616208
-.513403
-.409837
-.305642
-.200952
-.095903
.009368
.114725
.220030
.325146
.429934
.534257
.637978
.740960
.843066
.944160
1.044109
1.142778
1.240035
1.335751
1.429796
1.522042
1.612366
1.700645
1.786757
1.870586
1.952015
2.030934
2.107233
2.180806
2.251550
2.319367
2.384160
2.445839
2.504315
2.559504
2.611328
2.659711
2.704582
2.745874
2.783527
2.817482
2.847689
2.874099
2.896670
2.915365
2.930152
2.941004
2.947900
2.950822
2.949759
2.944707
2.935664
2.922636
2.905633
2.884670
2.859770
2.830959
2.798269
2.761737
2.721406
2.677324
2.629545
2.578127
2.523134
2.464634
2.402701
2.337413
2.268855
2.197114
2.122282
2.044458
1.963742
1.880241
1.794064
1.705325
1.614143
1.520638
1.424936
1.327165
1.227457
1.125946
1.022771
.918070
.811988
.704668
.596259
.486909
.376768
.265991
.154729
.043138
-.068626
-.180408
-.292051
-.403396
-.514289
-.624571
-.734087
-.842680
-.950196
-1.056482
-1.161383
-1.264751
-1.366434
-1.466288
-1.564165
-1.659923
-1.753424
-1.844528
-1.933103
-2.019017
-2.102142
-2.182355
-2.259536
-2.333568
-2.404340
-2.471743
-2.535675
-2.596037
-2.652736
-2.705684
-2.754796
-2.799995
-2.841208
-2.878367
-2.911412
-2.940286
-2.964939
-2.985328
-3.001415
-3.013167
-3.020560
-3.023573
-3.022195
-3.016418
-3.006241
-2.991672
-2.972722
-2.949412
-2.921765
-2.889813
-2.853596
-2.813158
-2.768549
-2.719827
-2.667055
-2.610302
-2.549645
-2.485164
-2.416947
-2.345088
-2.269684
-2.190842
-2.108670
-2.023283
-1.934801
-1.843350
-1.749060
-1.652065
-1.552503
-1.450519
-1.346258
-1.239873
-1.131518
-1.021351
-.909533
-.796228
-.681604
-.565829
-.449076
-.331517
-.213329
-.094688
.024228
.143240
.262168
.380832
.499052
.616648
.733439
.849247
.963895
1.077204
1.188999
1.299107
1.407357
1.513579
1.617606
1.719275
1.818424
1.914897
2.008540
2.099203
2.186740
2.271009
2.351874
2.429204
2.502870
2.572752
2.638733
2.700703
2.758557
2.812196
2.861529
2.906469
2.946936
2.982859
3.014172
3.040815
3.062737
3.079894
3.092247
3.099769
3.102435
3.100233
3.093153
3.081198
3.064374
3.042699
3.016196
2.984895
2.948836
2.908067
2.862640
2.812617
2.758069
2.699072
2.635709
2.568072
2.496260
2.420378
2.340538
2.256859
2.169466
2.078491
1.984073
1.886354
1.785486
1.681622
1.574924
1.465557
1.353692
1.239504
1.123172
1.004880
.884816
.763169
.640135
.515909
.390692
.264686
.138092
.011119
-.116029
-.243143
-.370016
-.496438
-.622201
-.747097
-.870918
-.993459
-1.114513
-1.233879
-1.351355
-1.466742
-1.579844
-1.690470
-1.798428
-1.903535
-2.005608
-2.104471
-2.199951
-2.291882
-2.380101
-2.464453
-2.544786
-2.620958
-2.692830
-2.760272
-2.823160
-2.881378
-2.934816
-2.983373
-3.026955
-3.065477
-3.098862
-3.127041
-3.149953
-3.167548
-3.179783
-3.186623
-3.188045
-3.184033
-3.174581
-3.159692
-3.139378
-3.113661
-3.082571
-3.046150
-3.004447
-2.957521
-2.905440
-2.848280
-2.786130
-2.719083
-2.647243
-2.570724
-2.489646
-2.404139
-2.314341
-2.220397
-2.122461
-2.020694
-1.915263
-1.806344
-1.694119
-1.578777
-1.460510
-1.339521
-1.216015
-1.090203
-.962300
-.832528
-.701110
-.568275
-.434253
-.299281
-.163595
-.027433
.108963
.245351
.381488
.517130
.652034
.785957
.918656
1.049891
1.179421
1.307011
1.432425
1.555432
1.675804
1.793317
1.907751
2.018891
2.126527
2.230455
2.330476
2.426399
2.518038
2.605214
2.687758
2.765506
2.838303
2.906003
2.968468
3.025571
3.077192
3.123221
3.163559
3.198116
3.226813
3.249583
3.266365
3.277115
3.281795
3.280380
3.272858
3.259225
3.239491
3.213676
3.181812
3.143942
3.100122
3.050417
2.994905
2.933675
2.866826
2.794469
2.716727
2.633730
2.545623
2.452558
2.354698
2.252217
2.145295
2.034126
1.918910
1.799855
1.677178
1.551105
1.421868
1.289706
1.154865
1.017598
.878162
.736821
.593841
.449496
.304062
.157816
.011042
-.135977
-.282955
-.429605
-.575640
-.720773
-.864716
-1.007185
-1.147895
-1.286564
-1.422914
-1.556670
-1.687559
-1.815315
-1.939677
-2.060387
-2.177195
-2.289860
-2.398143
-2.501816
-2.600661
-2.694463
-2.783023
-2.866146
-2.943650
-3.015363
-3.081124
-3.140782
-3.194199
-3.241250
-3.281819
-3.315806
-3.343122
-3.363692
-3.377454
-3.384359
-3.384373
-3.377475
-3.363659
-3.342932
-3.315316
-3.280846
-3.239573
-3.191561
-3.136889
-3.075649
-3.007948
-2.933907
-2.853660
-2.767353
-2.675149
-2.577220
-2.473755
-2.364951
-2.251019
-2.132183
-2.008676
-1.880744
-1.748641
-1.612633
-1.472994
-1.330009
-1.183968
-1.035172
-.883928
-.730550
-.575356
-.418673
-.260829
-.102158
.057003
.216314
.375435
.534022
.691731
.848222
1.003151
1.156179
1.306968
1.455184
1.600496
1.742580
1.881116
2.015788
2.146292
2.272327
2.393603
2.509838
2.620760
2.726107
2.825629
2.919087
3.006253
3.086915
3.160871
3.227936
3.287936
3.340714
3.386130
3.424055
3.454381
3.477014
3.491877
3.498911
3.498801
3.492764
3.480619
3.462095
3.436866
3.404548
3.364708
3.316865
3.260495
3.195034
3.119889
3.034440
2.938047
2.830065
2.709846
2.576758
2.430192
2.269582
2.094421
1.904278
1.698819
1.477832
1.241251
.989181
.721929
.440031
.144281
-.164234
-.484107
-.813583
-1.150532
-1.492425
-1.836316
-2.178835
-2.516179
-2.844119
-3.158025
-3.452889
-3.723380
-3.963904
-4.168690
-4.331896
-4.447729
-4.510594
-4.515263
-4.457051
-4.332029
-4.137226
-3.870857
-3.532539
-3.123506
-2.646802
-2.107452
-1.512581
-.871497
-.195695
.501215
1.203660
1.894369
2.554731
3.165268
3.706211
4.158176
4.502924
4.724180
4.808488
4.746065
4.531607
4.165001
3.651898
3.004090
2.239634
1.382691
.463046
-.484724
-1.422427
-2.309770
-3.106141
-3.772637
-4.274213
-4.581839
-4.674563
-4.541304
-4.182246
-3.609693
-2.848270
-1.934365
-.914782
.155395
1.215670
2.203599
3.058673
3.726376
4.162138
4.334886
4.229878
3.850565
3.219221
2.376236
1.377979
.293324
-.800992
-1.825870
-2.705833
-3.375010
-3.782604
-3.897386
-3.710737
-3.237920
-2.517373
-1.608007
-.584646
.468047
1.462661
2.316544
2.959044
3.337804
3.423502
3.212568
2.727565
2.015164
1.141890
.187987
-.759988
-1.617160
-2.308144
-2.773903
-2.976999
-2.904748
-2.569977
-2.009347
-1.279457
-.451128
.397526
1.188389
1.850433
2.326213
2.576801
2.584891
2.355839
1.916603
1.312730
.603715
-.142810
-.857472
-1.475565
-1.942861
-2.220316
-2.287275
-2.142891
-1.805714
-1.311498
-.709495
-.057595
.583192
1.154407
1.605443
1.897976
2.009180
1.933420
1.682342
1.283369
.776791
.211749
-.358494
-.881537
-1.310623
-1.608783
-1.751980
-1.730984
-1.551849
-1.234972
-.812862
-.326856
.176888
.651751
1.054932
1.351276
1.516306
1.538197
1.418541
1.171867
.823979
.409311
-.032449
-.460125
-.834871
-1.123667
-1.302201
-1.356883
-1.285813
-1.098670
-.815524
-.464746
-.080188
.302050
.646989
.923949
1.109253
1.188220
1.156285
1.019165
.792073
.498087
.165839
-.173256
-.487943
-.749990
-.936702
-1.032857
-1.031920
-.936418
-.757482
-.513613
-.228796
.069830
.354546
.599604
.783538
.891025
.914136
.852872
.714973
.515005
.272858
.011789
-.243795
-.470605
-.648575
-.762619
-.803892
-.770439
-.667207
-.505413
-.301359
-.074813
.152893
.360859
.530518
.647282
.701778
.690576
.616356
.487505
.317208
.122117
-.079261
-.268311
-.428012
-.544465
-.608082
-.614360
-.564167
-.463523
-.322921
-.156256
.020542
.191011
.339684
.453483
.522852
.542551
.512022
.435328
.320659
.179481
.025401
-.127133
-.264177
-.373561
-.445951
-.475645
-.460992
-.404452
-.312261
-.193765
-.060488
.074983
.200173
.303867
.377100
.413926
.411884
.372138
.299281
.200823
.086433
-.033004
-.146412
-.243547
-.315916
-.357507
-.365282
-.339379
-.283018
-.202133
-.104753
-.000220
.101704
.191743
.261942
.306365
.321589
.306953
.264548
.198960
.116784
.025970
-.064941
-.147613
-.214676
-.260374
-.281057
-.275457
-.244749
-.192378
-.123691
-.045392
.035098
.110347
.173589
.219328
.243814
.245335
.224330
.183290
.126481
.059507
-.011237
-.079172
-.138142
-.182967
-.209893
-.216902
-.203854
-.172447
-.126024
-.069216
-.007492
.053367
.107803
.150989
.179249
.190368
.183757
.160469
.123058
.075307
.021854
-.032257
-.082052
-.123073
-.151781
-.165855
-.164372
-.147859
-.118209
-.078469
-.032535
.015226
.060390
.098883
.127344
.143417
.145939
.135021
.112001
.079293
.040140
-.001708
-.042347
-.078083
-.105762
-.123052
-.128627
-.122271
-.104868
-.078290
-.045204
-.008806
.027484
.060341
.086842
.104716
.112542
.109855
.097166
.075890
.048192
.016773
-.015392
-.045339
-.070376
-.088333
-.097741
-.097954
-.089182
-.072457
-.049510
-.022602
.005701
.032770
.056154
.073803
.084243
.086699
.081146
.068294
.049506
.026652
.001930
-.022347
-.043966
-.061011
-.072034
-.076178
-.073235
-.063653
-.048477
-.029239
-.007805
.013806
.033607
.049830
.061078
.066444
.065585
.058736
.046675
.030639
.012197
-.006898
-.024881
-.040131
-.051319
-.057522
-.058296
-.053707
-.044311
-.031089
-.015350
.001401
.017601
.031781
.042692
.049414
.051438
.048696
.041560
.030793
.017475
.002890
-.011594
-.024650
-.035119
-.042105
-.045056
-.043803
-.038567
-.029926
-.018760
-.006155
.006697
.018612
.028521
.035567
.039176
.039103
.035447
.028634
.019368
.008560
-.002762
-.013545
-.022816
-.029762
-.033806
-.034649
-.032295
-.027039
-.019438
-.010246
-.000346
.009337
.017921
.024646
.028943
.030478
.029182
.025243
.019089
.011340
.002747
-.005882
-.013755
-.020169
-.024573
-.026614
-.026164
-.023327
-.018423
-.011954
-.004552
.003082
.010240
.016281
.020677
.023067
.023283
.021359
.017525
.012182
.005856
-.000847
-.007304
-.012929
-.017228
-.019840
-.020567
-.019390
-.016466
-.012106
-.006746
-.000903
.004877
.010064
.014198
.016927
.018035
.017463
.015304
.011797
.007297
.002240
-.002894
-.007634
-.011555
-.014318
-.015699
-.015607
-.014086
-.011313
-.007572
-.003231
.001297
.005592
.009266
.011999
.013563
.013845
.012850
.010703
.007628
.003932
-.000032
-.003893
-.007301
-.009953
-.011626
-.012192
-.011626
-.010008
-.007514
-.004394
-.000949
.002496
.005626
.008161
.009884
.010658
.010436
.009262
.007270
.004660
.001690
-.001361
-.004211
-.006602
-.008329
-.009248
-.009297
-.008492
-.006930
-.004771
-.002229
.000453
.003026
.005258
.006951
.007964
.008222
.007720
.006522
.004757
.002601
.000260
-.002046
-.004106
-.005738
-.006803
-.007218
-.006961
-.006072
-.004649
-.002835
