-1.106083
-1.064254
-1.021720
-.978509
-.934647
-.890163
-.845086
-.799443
-.753266
-.706583
-.659424
-.611821
-.563802
-.515401
-.466647
-.417572
-.368209
-.318589
-.268744
-.218707
-.168510
-.118186
-.067768
-.017289
.033219
.083723
.134189
.184584
.234876
.285031
.335017
.384800
.434349
.483629
.532610
.581258
.629542
.677430
.724889
.771890
.818399
.864387
.909823
.954677
.998918
1.042519
1.085448
1.127679
1.169182
1.209929
1.249894
1.289050
1.327370
1.364829
1.401401
1.437061
1.471786
1.505552
1.538336
1.570116
1.600870
1.630578
1.659218
1.686772
1.713220
1.738544
1.762727
1.785752
1.807604
1.828265
1.847724
1.865965
1.882976
1.898745
1.913260
1.926511
1.938489
1.949184
1.958590
1.966698
1.973502
1.978998
1.983180
1.986045
1.987591
1.987815
1.986716
1.984295
1.980551
1.975487
1.969105
1.961409
1.952403
1.942092
1.930481
1.917579
1.903392
1.887930
1.871201
1.853217
1.833988
1.813526
1.791845
1.768958
1.744879
1.719624
1.693209
1.665651
1.636968
1.607178
1.576300
1.544355
1.511363
1.477345
1.442324
1.406322
1.369364
1.331473
1.292674
1.252993
1.212455
1.171088
1.128918
1.085974
1.042284
.997877
.952782
.907029
.860649
.813672
.766130
.718054
.669477
.620431
.570949
.521064
.470808
.420217
.369324
.318163
.266769
.215176
.163419
.111533
.059553
.007515
-.044548
-.096599
-.148603
-.200524
-.252328
-.303979
-.355443
-.406683
-.457666
-.508355
-.558718
-.608718
-.658323
-.707497
-.756208
-.804421
-.852103
-.899223
-.945747
-.991643
-1.036879
-1.081424
-1.125248
-1.168320
-1.210609
-1.252088
-1.292726
-1.332495
-1.371368
-1.409318
-1.446317
-1.482341
-1.517363
-1.551359
-1.584306
-1.616179
-1.646956
-1.676616
-1.705137
-1.732499
-1.758683
-1.783669
-1.807440
-1.829979
-1.851269
-1.871295
-1.890042
-1.907497
-1.923646
-1.938478
-1.951982
-1.964147
-1.974963
-1.984424
-1.992521
-1.999248
-2.004598
-2.008569
-2.011155
-2.012355
-2.012166
-2.010587
-2.007620
-2.003264
-1.997522
-1.990398
-1.981894
-1.972016
-1.960770
-1.948162
-1.934201
-1.918896
-1.902255
-1.884290
-1.865012
-1.844433
-1.822567
-1.799429
-1.775033
-1.749396
-1.722534
-1.694465
-1.665208
-1.634783
-1.603210
-1.570510
-1.536705
-1.501818
-1.465872
-1.428891
-1.390902
-1.351929
-1.311999
-1.271139
-1.229378
-1.186743
-1.143264
-1.098970
-1.053892
-1.008062
-.961509
-.914267
-.866368
-.817845
-.768732
-.719063
-.668871
-.618192
-.567061
-.515514
-.463586
-.411313
-.358733
-.305881
-.252795
-.199511
-.146067
-.092501
-.038850
.014849
.068557
.122237
.175851
.229361
.282730
.335919
.388892
.441610
.494037
.546134
.597866
.649195
.700085
.750499
.800402
.849758
.898532
.946689
.994193
1.041012
1.087112
1.132459
1.177021
1.220765
1.263661
1.305676
1.346781
1.386947
1.426143
1.464341
1.501513
1.537632
1.572673
1.606608
1.639414
1.671065
1.701540
1.730815
1.758868
1.785679
1.811227
1.835495
1.858462
1.880113
1.900431
1.919400
1.937005
1.953234
1.968074
1.981512
1.993539
2.004145
2.013322
2.021061
2.027356
2.032202
2.035594
2.037529
2.038004
2.037018
2.034571
2.030663
2.025295
2.018472
2.010196
2.000473
1.989309
1.976710
1.962685
1.947243
1.930393
1.912147
1.892518
1.871517
1.849160
1.825462
1.800438
1.774106
1.746483
1.717590
1.687445
1.656070
1.623486
1.589717
1.554785
1.518715
1.481532
1.443263
1.403935
1.363574
1.322210
1.279872
1.236590
1.192395
1.147317
1.101390
1.054645
1.007116
.958837
.909843
.860169
.809849
.758922
.707422
.655387
.602856
.549864
.496451
.442656
.388517
.334073
.279365
.224431
.169312
.114048
.058679
.003245
-.052213
-.107654
-.163039
-.218326
-.273474
-.328444
-.383195
-.437687
-.491880
-.545733
-.599207
-.652262
-.704860
-.756961
-.808526
-.859518
-.909898
-.959630
-1.008675
-1.056997
-1.104561
-1.151331
-1.197271
-1.242347
-1.286526
-1.329774
-1.372058
-1.413347
-1.453610
-1.492815
-1.530934
-1.567937
-1.603796
-1.638484
-1.671974
-1.704241
-1.735260
-1.765007
-1.793458
-1.820593
-1.846390
-1.870828
-1.893889
-1.915555
-1.935808
-1.954633
-1.972014
-1.987937
-2.002389
-2.015360
-2.026837
-2.036811
-2.045274
-2.052218
-2.057637
-2.061526
-2.063881
-2.064699
-2.063977
-2.061717
-2.057917
-2.052580
-2.045708
-2.037306
-2.027379
-2.015932
-2.002974
-1.988513
-1.972559
-1.955122
-1.936214
-1.915849
-1.894040
-1.870803
-1.846155
-1.820112
-1.792693
-1.763918
-1.733807
-1.702381
-1.669665
-1.635680
-1.600452
-1.564006
-1.526369
-1.487568
-1.447632
-1.406589
-1.364470
-1.321305
-1.277127
-1.231968
-1.185862
-1.138841
-1.090942
-1.042199
-.992650
-.942329
-.891277
-.839529
-.787125
-.734103
-.680505
-.626369
-.571737
-.516649
-.461147
-.405272
-.349067
-.292574
-.235835
-.178895
-.121795
-.064579
-.007290
.050028
.107331
.164576
.221720
.278718
.335528
.392105
.448406
.504389
.560011
.615228
.669998
.724279
.778029
.831207
.883771
.935682
.986898
1.037380
1.087088
1.135985
1.184032
1.231191
1.277426
1.322701
1.366980
1.410227
1.452410
1.493496
1.533451
1.572243
1.609844
1.646221
1.681348
1.715194
1.747735
1.778942
1.808792
1.837261
1.864324
1.889961
1.914150
1.936872
1.958108
1.977840
1.996052
2.012729
2.027856
2.041421
2.053412
2.063818
2.072630
2.079841
2.085442
2.089430
2.091798
2.092545
2.091668
2.089166
2.085042
2.079295
2.071930
2.062950
2.052363
2.040174
2.026392
2.011026
1.994088
1.975588
1.955540
1.933960
1.910861
1.886262
1.860179
1.832633
1.803644
1.773232
1.741422
1.708236
1.673699
1.637838
1.600679
1.562251
1.522582
1.481703
1.439645
1.396440
1.352120
1.306721
1.260275
1.212820
1.164392
1.115027
1.064765
1.013643
.961702
.908981
.855522
.801365
.746554
.691131
.635139
.578621
.521623
.464188
.406362
.348189
.289716
.230989
.172054
.112957
.053745
-.005535
-.064836
-.124112
-.183315
-.242398
-.301315
-.360018
-.418461
-.476596
-.534379
-.591762
-.648699
-.705145
-.761054
-.816382
-.871084
-.925116
-.978434
-1.030996
-1.082758
-1.133679
-1.183717
-1.232832
-1.280984
-1.328134
-1.374243
-1.419272
-1.463187
-1.505949
-1.547526
-1.587880
-1.626981
-1.664795
-1.701290
-1.736438
-1.770207
-1.802571
-1.833501
-1.862972
-1.890960
-1.917439
-1.942389
-1.965787
-1.987613
-2.007848
-2.026476
-2.043479
-2.058842
-2.072553
-2.084597
-2.094965
-2.103646
-2.110633
-2.115918
-2.119495
-2.121360
-2.121510
-2.119944
-2.116661
-2.111663
-2.104953
-2.096533
-2.086411
-2.074592
-2.061085
-2.045899
-2.029046
-2.010537
-1.990386
-1.968609
-1.945221
-1.920240
-1.893686
-1.865578
-1.835938
-1.804790
-1.772157
-1.738064
-1.702538
-1.665607
-1.627300
-1.587647
-1.546680
-1.504430
-1.460931
-1.416217
-1.370325
-1.323291
-1.275152
-1.225947
-1.175715
-1.124497
-1.072333
-1.019266
-.965339
-.910594
-.855077
-.798832
-.741906
-.684343
-.626191
-.567497
-.508310
-.448677
-.388648
-.328270
-.267595
-.206671
-.145549
-.084279
-.022911
.038504
.099915
.161271
.222522
.283617
.344505
.405136
.465459
.525423
.584980
.644079
.702671
.760706
.818137
.874913
.930990
.986318
1.040851
1.094543
1.147350
1.199225
1.250125
1.300007
1.348828
1.396547
1.443123
1.488516
1.532687
1.575598
1.617213
1.657495
1.696410
1.733923
1.770002
1.804617
1.837736
1.869330
1.899372
1.927835
1.954695
1.979926
2.003506
2.025415
2.045632
2.064138
2.080918
2.095955
2.109234
2.120744
2.130473
2.138412
2.144551
2.148885
2.151408
2.152116
2.151008
2.148082
2.143340
2.136783
2.128416
2.118245
2.106276
2.092518
2.076981
2.059677
2.040618
2.019820
1.997298
1.973070
1.947156
1.919575
1.890350
1.859504
1.827062
1.793050
1.757495
1.720428
1.681877
1.641874
1.600453
1.557646
1.513491
1.468022
1.421278
1.373298
1.324121
1.273788
1.222342
1.169826
1.116283
1.061758
1.006298
.949948
.892757
.834773
.776045
.716622
.656556
.595896
.534695
.473005
.410878
.348368
.285528
.222412
.159074
.095568
.031949
-.031728
-.095409
-.159038
-.222560
-.285920
-.349064
-.411937
-.474483
-.536649
-.598381
-.659624
-.720325
-.780431
-.839888
-.898647
-.956653
-1.013856
-1.070207
-1.125655
-1.180151
-1.233646
-1.286094
-1.337448
-1.387662
-1.436691
-1.484492
-1.531021
-1.576237
-1.620099
-1.662568
-1.703606
-1.743174
-1.781238
-1.817762
-1.852714
-1.886061
-1.917772
-1.947818
-1.976172
-2.002807
-2.027698
-2.050821
-2.072156
-2.091680
-2.109376
-2.125226
-2.139215
-2.151328
-2.161554
-2.169881
-2.176300
-2.180805
-2.183388
-2.184047
-2.182779
-2.179583
-2.174460
-2.167413
-2.158447
-2.147567
-2.134782
-2.120100
-2.103534
-2.085096
-2.064801
-2.042665
-2.018706
-1.992944
-1.965399
-1.936095
-1.905056
-1.872308
-1.837878
-1.801796
-1.764092
-1.724799
-1.683949
-1.641577
-1.597721
-1.552417
-1.505706
-1.457626
-1.408221
-1.357532
-1.305604
-1.252482
-1.198213
-1.142844
-1.086424
-1.029002
-.970628
-.911355
-.851234
-.790319
-.728663
-.666322
-.603350
-.539804
-.475740
-.411215
-.346288
-.281016
-.215457
-.149670
-.083716
-.017652
.048462
.114565
.180599
.246503
.312218
.377685
.442843
.507633
.571997
.635876
.699211
.761944
.824018
.885377
.945962
1.005720
1.064594
1.122530
1.179475
1.235376
1.290181
1.343839
1.396300
1.447516
1.497437
1.546018
1.593212
1.638976
1.683266
1.726040
1.767257
1.806880
1.844868
1.881187
1.915802
1.948678
1.979785
2.009092
2.036569
2.062192
2.085933
2.107769
2.127679
2.145642
2.161640
2.175656
2.187676
2.197685
2.205674
2.211633
2.215554
2.217432
2.217263
2.215044
2.210778
2.204464
2.196107
2.185713
2.173290
2.158846
2.142394
2.123946
2.103518
2.081126
2.056791
2.030531
2.002371
1.972333
1.940445
1.906734
1.871230
1.833964
1.794969
1.754279
1.711931
1.667964
1.622415
1.575327
1.526741
1.476702
1.425255
1.372447
1.318326
1.262941
1.206342
1.148583
1.089715
1.029794
.968873
.907010
.844261
.780685
.716340
.651287
.585586
.519298
.452484
.385209
.317533
.249522
.181239
.112747
.044112
-.024602
-.093330
-.162007
-.230568
-.298947
-.367080
-.434902
-.502348
-.569355
-.635857
-.701791
-.767095
-.831705
-.895559
-.958595
-1.020754
-1.081974
-1.142197
-1.201363
-1.259417
-1.316300
-1.371958
-1.426336
-1.479380
-1.531040
-1.581263
-1.630002
-1.677206
-1.722830
-1.766828
-1.809156
-1.849773
-1.888637
-1.925709
-1.960952
-1.994329
-2.025809
-2.055356
-2.082943
-2.108539
-2.132118
-2.153656
-2.173129
-2.190517
-2.205800
-2.218962
-2.229988
-2.238865
-2.245582
-2.250131
-2.252504
-2.252698
-2.250709
-2.246538
-2.240187
-2.231658
-2.220959
-2.208097
-2.193082
-2.175928
-2.156648
-2.135258
-2.111779
-2.086230
-2.058633
-2.029014
-1.997400
-1.963820
-1.928303
-1.890883
-1.851594
-1.810472
-1.767557
-1.722888
-1.676507
-1.628458
-1.578785
-1.527537
-1.474761
-1.420508
-1.364829
-1.307778
-1.249409
-1.189778
-1.128944
-1.066963
-1.003896
-.939805
-.874750
-.808796
-.742006
-.674446
-.606181
-.537278
-.467804
-.397828
-.327418
-.256644
-.185575
-.114281
-.042834
.028698
.100242
.171727
.243083
.314239
.385122
.455664
.525793
.595438
.664530
.733000
.800778
.867796
.933987
.999283
1.063618
1.126926
1.189144
1.250208
1.310056
1.368626
1.425857
1.481693
1.536074
1.588944
1.640250
1.689937
1.737954
1.784251
1.828779
1.871492
1.912344
1.951293
1.988297
2.023316
2.056314
2.087254
2.116104
2.142831
2.167406
2.189802
2.209995
2.227960
2.243678
2.257130
2.268300
2.277174
2.283741
2.287991
2.289918
2.289517
2.286785
2.281724
2.274335
2.264624
2.252598
2.238267
2.221642
2.202739
2.181574
2.158165
2.132536
2.104708
2.074710
2.042567
2.008312
1.971978
1.933598
1.893210
1.850854
1.806571
1.760403
1.712398
1.662601
1.611062
1.557832
1.502965
1.446514
1.388537
1.329092
1.268238
1.206036
1.142550
1.077844
1.011983
.945034
.877065
.808146
.738347
.667740
.596396
.524389
.451794
.378684
.305136
.231226
.157030
.082624
.008087
-.066503
-.141070
-.215535
-.289821
-.363849
-.437543
-.510823
-.583614
-.655838
-.727419
-.798281
-.868349
-.937549
-1.005806
-1.073049
-1.139206
-1.204204
-1.267975
-1.330451
-1.391563
-1.451246
-1.509436
-1.566068
-1.621082
-1.674418
-1.726017
-1.775823
-1.823780
-1.869837
-1.913941
-1.956045
-1.996101
-2.034063
-2.069891
-2.103542
-2.134979
-2.164166
-2.191068
-2.215656
-2.237899
-2.257772
-2.275250
-2.290312
-2.302940
-2.313116
-2.320827
-2.326062
-2.328813
-2.329073
-2.326840
-2.322112
-2.314893
-2.305186
-2.292999
-2.278344
-2.261231
-2.241677
-2.219700
-2.195321
-2.168564
-2.139453
-2.108018
-2.074290
-2.038302
-2.000092
-1.959696
-1.917157
-1.872518
-1.825825
-1.777125
-1.726470
-1.673911
-1.619504
-1.563305
-1.505373
-1.445768
-1.384555
-1.321797
-1.257560
-1.191914
-1.124927
-1.056671
-.987219
-.916646
-.845026
-.772437
-.698957
-.624666
-.549643
-.473970
-.397728
-.321002
-.243873
-.166427
-.088748
-.010920
.066970
.144837
.222596
.300160
.377445
.454364
.530833
.606766
.682080
.756689
.830512
.903465
.975466
1.046435
1.116292
1.184959
1.252356
1.318409
1.383042
1.446182
1.507757
1.567696
1.625931
1.682395
1.737022
1.789750
1.840518
1.889266
1.935937
1.980478
2.022834
2.062958
2.100799
2.136315
2.169461
2.200198
2.228489
2.254298
2.277594
2.298346
2.316530
2.332121
2.345097
2.355443
2.363142
2.368182
2.370555
2.370254
2.367277
2.361623
2.353296
2.342302
2.328649
2.312350
2.293420
2.271877
2.247742
2.221039
2.191796
2.160042
2.125811
2.089138
2.050062
2.008624
1.964869
1.918843
1.870596
1.820181
1.767652
1.713066
1.656484
1.597968
1.537581
1.475391
1.411468
1.345881
1.278705
1.210013
1.139884
1.068396
.995629
.921666
.846591
.770487
.693443
.615545
.536882
.457545
.377623
.297209
.216396
.135275
.053941
-.027512
-.108990
-.190398
-.271642
-.352627
-.433259
-.513443
-.593085
-.672092
-.750372
-.827831
-.904378
-.979923
-1.054376
-1.127649
-1.199655
-1.270306
-1.339520
-1.407213
-1.473304
-1.537712
-1.600360
-1.661173
-1.720076
-1.776998
-1.831868
-1.884620
-1.935188
-1.983511
-2.029528
-2.073182
-2.114417
-2.153183
-2.189430
-2.223111
-2.254184
-2.282608
-2.308347
-2.331365
-2.351631
-2.369120
-2.383804
-2.395665
-2.404682
-2.410843
-2.414136
-2.414552
-2.412089
-2.406744
-2.398521
-2.387425
-2.373465
-2.356656
-2.337012
-2.314553
-2.289303
-2.261289
-2.230539
-2.197088
-2.160971
-2.122230
-2.080906
-2.037046
-1.990699
-1.941919
-1.890759
-1.837280
-1.781542
-1.723610
-1.663550
-1.601433
-1.537331
-1.471319
-1.403474
-1.333876
-1.262607
-1.189752
-1.115397
-1.039630
-.962541
-.884223
-.804769
-.724275
-.642838
-.560554
-.477525
-.393850
-.309631
-.224970
-.139970
-.054735
.030630
.116022
.201336
.286465
.371307
.455755
.539706
.623054
.705697
.787532
.868457
.948369
1.027170
1.104760
1.181041
1.255917
1.329294
1.401078
1.471177
1.539504
1.605969
1.670488
1.732978
1.793358
1.851551
1.907479
1.961071
2.012256
2.060967
2.107140
2.150713
2.191627
2.229829
2.265265
2.297889
2.327654
2.354519
2.378448
2.399404
2.417358
2.432282
2.444154
2.452955
2.458668
2.461282
2.460789
2.457185
2.450471
2.440651
2.427732
2.411726
2.392650
2.370522
2.345367
2.317212
2.286089
2.252032
2.215082
2.175280
2.132674
2.087313
2.039252
1.988548
1.935262
1.879459
1.821205
1.760573
1.697636
1.632471
1.565160
1.495785
1.424432
1.351191
1.276152
1.199411
1.121062
1.041205
.959941
.877373
.793604
.708743
.622896
.536174
.448688
.360550
.271874
.182773
.093363
.003760
-.085920
-.175561
-.265044
-.354255
-.443075
-.531389
-.619079
-.706031
-.792130
-.877261
-.961312
-1.044170
-1.125726
-1.205870
-1.284495
-1.361495
-1.436766
-1.510207
-1.581718
-1.651202
-1.718564
-1.783712
-1.846557
-1.907011
-1.964992
-2.020418
-2.073213
-2.123303
-2.170616
-2.215086
-2.256649
-2.295245
-2.330819
-2.363319
-2.392697
-2.418908
-2.441913
-2.461676
-2.478165
-2.491354
-2.501220
-2.507745
-2.510913
-2.510717
-2.507151
-2.500215
-2.489913
-2.476253
-2.459248
-2.438916
-2.415280
-2.388367
-2.358206
-2.324834
-2.288292
-2.248623
-2.205876
-2.160105
-2.111366
-2.059722
-2.005237
-1.947981
-1.888028
-1.825455
-1.760344
-1.692777
-1.622845
-1.550639
-1.476253
-1.399786
-1.321339
-1.241016
-1.158925
-1.075175
-.989878
-.903149
-.815104
-.725864
-.635547
-.544278
-.452180
-.359379
-.266001
-.172176
-.078031
.016303
.110697
.205019
.299139
.392927
.486251
.578980
.670986
.762138
.852310
.941373
1.029201
1.115670
1.200657
1.284041
1.365703
1.445525
1.523393
1.599194
1.672818
1.744160
1.813114
1.879580
1.943461
2.004661
2.063091
2.118663
2.171295
2.220907
2.267423
2.310774
2.350893
2.387716
2.421188
2.451253
2.477865
2.500980
2.520559
2.536567
2.548977
2.557765
2.562912
2.564404
2.562234
2.556398
2.546899
2.533743
2.516944
2.496520
2.472494
2.444893
2.413753
2.379111
2.341012
2.299504
2.254643
2.206485
2.155097
2.100546
2.042906
1.982256
1.918677
1.852257
1.783088
1.711265
1.636889
1.560062
1.480893
1.399493
1.315977
1.230463
1.143073
1.053930
.963163
.870901
.777277
.682426
.586484
.489592
.391890
.293519
.194624
.095349
-.004159
-.103755
-.203292
-.302621
-.401597
-.500072
-.597898
-.694931
-.791024
-.886033
-.979815
-1.072228
-1.163133
-1.252390
-1.339865
-1.425423
-1.508934
-1.590268
-1.669301
-1.745909
-1.819973
-1.891379
-1.960014
-2.025770
-2.088543
-2.148233
-2.204744
-2.257987
-2.307874
-2.354325
-2.397263
-2.436616
-2.472319
-2.504311
-2.532537
-2.556948
-2.577498
-2.594150
-2.606872
-2.615637
-2.620425
-2.621220
-2.618015
-2.610808
-2.599601
-2.584404
-2.565235
-2.542114
-2.515070
-2.484137
-2.449356
-2.410774
-2.368442
-2.322418
-2.272768
-2.219560
-2.162871
-2.102782
-2.039379
-1.972755
-1.903006
-1.830235
-1.754550
-1.676062
-1.594889
-1.511151
-1.424975
-1.336491
-1.245831
-1.153133
-1.058539
-.962194
-.864243
-.764839
-.664134
-.562284
-.459447
-.355783
-.251453
-.146620
-.041449
.063895
.169246
.274437
.379302
.483673
.587385
.690272
.792168
.892910
.992335
1.090283
1.186595
1.281113
1.373684
1.464156
1.552380
1.638210
1.721504
1.802125
1.879937
1.954810
2.026617
2.095238
2.160556
2.222458
2.280838
2.335596
2.386635
2.433866
2.477204
2.516572
2.551898
2.583117
2.610170
2.633004
2.651575
2.665844
2.675778
2.681353
2.682551
2.679362
2.671782
2.659815
2.643472
2.622770
2.597735
2.568400
2.534805
2.496995
2.455026
2.408957
2.358858
2.304802
2.246872
2.185154
2.119745
2.050745
1.978262
1.902409
1.823305
1.741076
1.655853
1.567771
1.476973
1.383604
1.287816
1.189764
1.089608
.987511
.883642
.778172
.671274
.563126
.453909
.343803
.232994
.121667
.010009
-.101790
-.213540
-.325054
-.436140
-.546608
-.656269
-.764934
-.872416
-.978529
-1.083088
-1.185912
-1.286820
-1.385635
-1.482184
-1.576296
-1.667803
-1.756543
-1.842357
-1.925091
-2.004595
-2.080725
-2.153342
-2.222314
-2.287512
-2.348816
-2.406110
-2.459287
-2.508246
-2.552891
-2.593136
-2.628901
-2.660115
-2.686711
-2.708635
-2.725838
-2.738279
-2.745926
-2.748755
-2.746751
-2.739906
-2.728223
-2.711712
-2.690390
-2.664286
-2.633435
-2.597881
-2.557677
-2.512884
-2.463572
-2.409818
-2.351709
-2.289338
-2.222807
-2.152227
-2.077713
-1.999391
-1.917393
-1.831857
-1.742929
-1.650762
-1.555514
-1.457350
-1.356440
-1.252960
-1.147091
-1.039019
-.928935
-.817035
-.703516
-.588582
-.472437
-.355292
-.237356
-.118843
.000032
.119052
.238001
.356660
.474810
.592235
.708717
.824039
.937986
1.050345
1.160906
1.269460
1.375801
1.479729
1.581044
1.679552
1.775065
1.867398
1.956372
2.041812
2.123552
2.201431
2.275293
2.344992
2.410386
2.471344
2.527740
2.579458
2.626389
2.668434
2.705502
2.737511
2.764390
2.786073
2.802510
2.813655
2.819475
2.819946
2.815055
2.804798
2.789182
2.768223
2.741950
2.710398
2.673617
2.631664
2.584606
2.532523
2.475501
2.413639
2.347044
2.275833
2.200133
2.120078
2.035814
1.947492
1.855276
1.759333
1.659842
1.556987
1.450961
1.341963
1.230198
1.115878
.999220
.880448
.759789
.637475
.513743
.388834
.262989
.136457
.009483
-.117680
-.244783
-.371572
-.497796
-.623201
-.747537
-.870553
-.992000
-1.111632
-1.229205
-1.344479
-1.457217
-1.567185
-1.674157
-1.777909
-1.878224
-1.974891
-2.067707
-2.156472
-2.240998
-2.321102
-2.396611
-2.467358
-2.533189
-2.593956
-2.649522
-2.699761
-2.744556
-2.783800
-2.817400
-2.845272
-2.867343
-2.883553
-2.893853
-2.898206
-2.896587
-2.888985
-2.875399
-2.855841
-2.830335
-2.798920
-2.761644
-2.718570
-2.669771
-2.615334
-2.555358
-2.489953
-2.419241
-2.343357
-2.262445
-2.176662
-2.086175
-1.991161
-1.891810
-1.788319
-1.680895
-1.569755
-1.455125
-1.337238
-1.216335
-1.092666
-.966487
-.838058
-.707650
-.575534
-.441990
-.307298
-.171746
-.035622
.100782
.237174
.373260
.508744
.643331
.776728
.908642
1.038783
1.166862
1.292596
1.415703
1.535906
1.652936
1.766527
1.876421
1.982365
2.084116
2.181438
2.274104
2.361896
2.444606
2.522037
2.594002
2.660326
2.720845
2.775407
2.823874
2.866121
2.902034
2.931516
2.954481
2.970858
2.980593
2.983642
2.979981
2.969597
2.952493
2.928690
2.898220
2.861133
2.817494
2.767382
2.710892
2.648133
2.579231
2.504324
2.423565
2.337122
2.245176
2.147921
2.045566
1.938331
1.826448
1.710163
1.589729
1.465414
1.337494
1.206256
1.071994
.935013
.795623
.654143
.510896
.366215
.220432
.073888
-.073074
-.220111
-.366875
-.513018
-.658193
-.802053
-.944251
-1.084446
-1.222295
-1.357465
-1.489623
-1.618444
-1.743609
-1.864807
-1.981732
-2.094092
-2.201600
-2.303982
-2.400973
-2.492323
-2.577791
-2.657151
-2.730191
-2.796712
-2.856531
-2.909481
-2.955409
-2.994180
-3.025677
-3.049796
-3.066456
-3.075590
-3.077152
-3.071112
-3.057461
-3.036206
-3.007376
-2.971017
-2.927195
-2.875993
-2.817515
-2.751884
-2.679239
-2.599739
-2.513561
-2.420899
-2.321964
-2.216987
-2.106210
-1.989896
-1.868320
-1.741773
-1.610561
-1.475001
-1.335425
-1.192175
-1.045607
-.896083
-.743979
-.589677
-.433566
-.276044
-.117512
.041623
.200949
.360054
.518523
.675940
.831891
.985964
1.137747
1.286834
1.432825
1.575324
1.713943
1.848302
1.978030
2.102767
2.222164
2.335885
2.443605
2.545017
2.639826
2.727754
2.808542
2.881945
2.947740
3.005721
3.055703
3.097521
3.131033
3.156117
3.172672
3.180624
3.180642
3.174138
3.160903
3.140595
3.112795
3.077012
3.032690
2.979212
2.915906
2.842057
2.756912
2.659695
2.549617
2.425892
2.287754
2.134482
1.965415
1.779985
1.577743
1.358396
1.121835
.868183
.597829
.311477
.010184
-.304587
-.630933
-.966460
-1.308258
-1.652862
-1.996240
-2.333785
-2.660323
-2.970142
-3.257044
-3.514422
-3.735367
-3.912803
-4.039660
-4.109078
-4.114646
-4.050668
-3.912462
-3.696673
-3.401596
-3.027498
-2.576922
-2.054958
-1.469450
-.831135
-.153672
.546440
1.250105
1.936011
2.581205
3.161820
3.653993
4.034909
4.283981
4.384090
4.322844
4.093769
3.697359
3.141886
2.443887
1.628228
.727687
-.218010
-1.163707
-2.060897
-2.860265
-3.514627
-3.982073
-4.229141
-4.233760
-3.987738
-3.498505
-2.789904
-1.901838
-.888637
.183840
1.242306
2.211122
3.018022
3.600064
3.909280
3.917511
3.619885
3.036495
2.211960
1.212712
.122105
-.966387
-1.957312
-2.762051
-3.307415
-3.543157
-3.447550
-3.030319
-2.332495
-1.423034
-.392395
.656322
1.617855
2.395735
2.912554
3.118341
2.996079
2.563644
1.871901
.999096
.042151
-.894146
-1.708837
-2.315984
-2.654061
-2.692462
-2.434382
-1.915781
-1.200620
-.373001
.472790
1.242906
1.854262
2.243619
2.374042
2.238259
1.858645
1.283927
.583066
-.162925
-.870284
-1.461834
-1.875340
-2.069982
-2.030277
-1.767092
-1.315712
-.731268
-.082082
.558247
1.119134
1.540732
1.780256
1.816240
1.650328
1.306450
.827561
.270364
-.301345
-.823925
-1.240929
-1.509147
-1.603022
-1.516986
-1.265527
-.881030
-.409702
.093923
.573243
.975912
1.259506
1.395945
1.374203
1.201056
.899838
.507409
.069694
-.363635
-.744770
-1.032991
-1.198986
-1.227770
-1.119950
-.891226
-.570240
-.195045
.191358
.545918
.830296
1.014975
1.082280
1.028010
.861527
.604347
.287423
-.052538
-.377294
-.651344
-.845775
-.941278
-.930025
-.816208
-.615252
-.351792
-.056698
.236514
.495463
.692453
.807405
.829870
.759919
.607844
.392733
.140124
-.121005
-.361535
-.555428
-.682526
-.730615
-.696560
-.586396
-.414411
-.201339
.028117
.248123
.434605
.567861
.634622
.629340
.554591
.420560
.243713
.044794
-.153584
-.329492
-.464094
-.543642
-.560857
-.515558
-.414482
-.270352
-.100299
.076151
.239301
.371474
.458905
.493159
.471916
.399059
.284074
.140843
-.014010
-.163035
-.289908
-.381209
-.427819
-.425819
-.376772
-.287405
-.168715
-.034642
.099558
.219038
.310988
.365998
.379004
.349727
.282574
.186020
.071557
-.047659
-.158309
-.248390
-.308508
-.332839
-.319681
-.271525
-.194666
-.098397
.006096
.107028
.193333
.255867
.288371
.288080
.255930
.196360
.116715
.026360
-.064414
-.145555
-.208354
-.246371
-.256085
-.237204
-.192607
-.127937
-.050902
.029635
.104669
.166052
.207371
.224610
.216529
.184719
.133355
.068660
-.001843
-.070194
-.128892
-.171711
-.194353
-.194872
-.173820
-.134124
-.080688
-.019803
.041590
.096686
.139566
.165822
.173011
.160864
.131258
.087952
.036113
-.018288
-.069163
-.110982
-.139370
-.151557
-.146642
-.125643
-.091326
-.047856
-.000293
.045989
.085905
.115215
.130972
.131805
.118036
.091592
.055746
.014724
-.026792
-.064199
-.093470
-.111594
-.116873
-.109078
-.089433
-.060438
-.025560
.011183
.045673
.074159
.093654
.102251
.099300
.085447
.062525
.033320
.001236
-.030098
-.057237
-.077295
-.088249
-.089139
-.080144
-.062532
-.038491
-.010855
.017217
.042609
.062587
.075089
.078941
.073954
.060924
.041515
.018051
-.006762
-.030142
-.049541
-.062925
-.068978
-.067234
-.058101
-.042794
-.023176
-.001537
.019675
.038124
.051847
.059455
.060276
.054408
.042683
.026561
.007946
-.011033
-.028268
-.041899
-.050520
-.053314
-.050133
-.041495
-.028506
-.012722
.004033
.019878
.033088
.042272
.046526
.045517
.039501
.029281
.016105
.001512
-.012846
-.025386
-.034771
-.040051
-.040755
-.036931
-.029128
-.018319
-.005781
.007049
.018745
.028044
.033985
.036002
.033981
.028257
.019566
.008950
-.002362
-.013100
-.022093
-.028393
-.031379
-.030811
-.026851
-.020030
-.011182
-.001341
.008376
.016898
.023315
.026976
.027552
.025065
.019873
.012627
.004184
-.004488
-.012424
-.018767
-.022859
-.024309
-.023030
-.019239
-.013424
-.006286
.001351
.008627
.014748
.019069
.021160
.020854
.018249
.013698
.007757
.001122
-.005453
-.011244
-.015631
-.018168
-.018625
-.017009
-.013556
-.008700
-.003015
.002846
.008231
.012556
.015373
.016411
.015606
.013096
.009208
.004408
-.000747
-.005677
-.009842
-.012804
-.014268
-.014113
-.012401
-.009365
-.005377
-.000904
.003545
.007479
.010477
.012234
.012588
.011540
.009245
.005991
.002163
-.001797
-.005450
-.008399
-.010337
-.011078
-.010574
-.008914
-.006313
-.003086
.000393
.003732
.006567
.008596
.009619
.009550
.008426
.006401
.003724
.000709
-.002301
-.004973
-.007022
-.008237
-.008507
-.007829
-.006304
-.004123
-.001547
.001129
.003607
.005617
.006950
.007478
.007163
.006066
.004327
.002158
-.000190
-.002452
-.004380
-.005771
-.006484
-.006461
-.005724
-.004374
-.002577
