-.287610
-.210141
-.132498
-.054729
.023114
.100981
.178822
.256585
.334220
.411677
.488905
.565853
.642471
.718709
.794516
.869843
.944640
1.018858
1.092447
1.165359
1.237546
1.308960
1.379554
1.449279
1.518090
1.585941
1.652787
1.718582
1.783283
1.846845
1.909227
1.970386
2.030280
2.088870
2.146115
2.201976
2.256416
2.309397
2.360882
2.410837
2.459227
2.506018
2.551179
2.594677
2.636482
2.676566
2.714900
2.751457
2.786211
2.819137
2.850213
2.879414
2.906721
2.932113
2.955572
2.977080
2.996622
3.014181
3.029745
3.043302
3.054840
3.064349
3.071823
3.077252
3.080633
3.081961
3.081232
3.078446
3.073602
3.066702
3.057748
3.046744
3.033696
3.018610
3.001495
2.982359
2.961214
2.938073
2.912948
2.885854
2.856809
2.825829
2.792933
2.758142
2.721478
2.682962
2.642620
2.600476
2.556558
2.510893
2.463510
2.414440
2.363714
2.311364
2.257425
2.201931
2.144919
2.086425
2.026488
1.965146
1.902441
1.838412
1.773103
1.706557
1.638816
1.569927
1.499935
1.428885
1.356827
1.283806
1.209874
1.135078
1.059468
.983097
.906014
.828272
.749924
.671021
.591618
.511768
.431526
.350945
.270082
.188990
.107725
.026342
-.055102
-.136552
-.217951
-.299245
-.380377
-.461292
-.541932
-.622244
-.702170
-.781656
-.860646
-.939085
-1.016920
-1.094095
-1.170557
-1.246252
-1.321126
-1.395129
-1.468207
-1.540308
-1.611383
-1.681381
-1.750252
-1.817948
-1.884419
-1.949620
-2.013503
-2.076024
-2.137135
-2.196795
-2.254961
-2.311589
-2.366639
-2.420072
-2.471848
-2.521930
-2.570280
-2.616864
-2.661648
-2.704597
-2.745681
-2.784868
-2.822130
-2.857437
-2.890765
-2.922086
-2.951378
-2.978617
-3.003783
-3.026855
-3.047816
-3.066648
-3.083335
-3.097865
-3.110225
-3.120403
-3.128391
-3.134180
-3.137764
-3.139138
-3.138299
-3.135246
-3.129978
-3.122496
-3.112804
-3.100907
-3.086809
-3.070520
-3.052048
-3.031404
-3.008600
-2.983651
-2.956572
-2.927380
-2.896092
-2.862731
-2.827316
-2.789872
-2.750422
-2.708992
-2.665611
-2.620306
-2.573108
-2.524049
-2.473162
-2.420481
-2.366042
-2.309882
-2.252040
-2.192554
-2.131466
-2.068817
-2.004652
-1.939014
-1.871949
-1.803504
-1.733725
-1.662663
-1.590366
-1.516885
-1.442271
-1.366578
-1.289859
-1.212167
-1.133557
-1.054086
-.973809
-.892784
-.811069
-.728721
-.645799
-.562363
-.478473
-.394189
-.309570
-.224679
-.139577
-.054324
.031017
.116384
.201716
.286951
.372027
.456881
.541451
.625677
.709495
.792845
.875665
.957895
1.039473
1.120340
1.200436
1.279700
1.358076
1.435503
1.511925
1.587285
1.661525
1.734591
1.806428
1.876982
1.946199
2.014027
2.080415
2.145312
2.208670
2.270440
2.330574
2.389027
2.445754
2.500710
2.553854
2.605145
2.654542
2.702007
2.747502
2.790993
2.832444
2.871823
2.909097
2.944239
2.977218
3.008008
3.036583
3.062921
3.086999
3.108797
3.128296
3.145478
3.160330
3.172836
3.182986
3.190768
3.196175
3.199199
3.199837
3.198084
3.193940
3.187405
3.178481
3.167172
3.153484
3.137424
3.119003
3.098231
3.075121
3.049688
3.021949
2.991921
2.959625
2.925082
2.888316
2.849353
2.808219
2.764942
2.719553
2.672084
2.622569
2.571042
2.517539
2.462101
2.404765
2.345574
2.284570
2.221798
2.157302
2.091130
2.023331
1.953953
1.883048
1.810669
1.736868
1.661699
1.585220
1.507485
1.428555
1.348486
1.267339
1.185174
1.102054
1.018041
.933197
.847588
.761277
.674329
.586812
.498790
.410332
.321504
.232374
.143011
.053483
-.036142
-.125795
-.215406
-.304907
-.394228
-.483301
-.572056
-.660424
-.748337
-.835727
-.922524
-1.008662
-1.094073
-1.178690
-1.262446
-1.345276
-1.427113
-1.507895
-1.587555
-1.666032
-1.743263
-1.819187
-1.893742
-1.966869
-2.038510
-2.108607
-2.177103
-2.243944
-2.309074
-2.372442
-2.433995
-2.493683
-2.551458
-2.607272
-2.661079
-2.712834
-2.762495
-2.810019
-2.855368
-2.898503
-2.939387
-2.977986
-3.014267
-3.048197
-3.079749
-3.108894
-3.135606
-3.159861
-3.181638
-3.200916
-3.217677
-3.231904
-3.243584
-3.252704
-3.259254
-3.263226
-3.264613
-3.263412
-3.259619
-3.253236
-3.244263
-3.232706
-3.218569
-3.201862
-3.182595
-3.160779
-3.136430
-3.109563
-3.080196
-3.048352
-3.014051
-2.977318
-2.938180
-2.896665
-2.852804
-2.806628
-2.758172
-2.707473
-2.654568
-2.599496
-2.542300
-2.483023
-2.421710
-2.358408
-2.293166
-2.226033
-2.157061
-2.086305
-2.013818
-1.939658
-1.863881
-1.786548
-1.707719
-1.627456
-1.545822
-1.462882
-1.378701
-1.293346
-1.206885
-1.119386
-1.030921
-.941558
-.851370
-.760430
-.668810
-.576584
-.483826
-.390612
-.297018
-.203118
-.108990
-.014710
.079646
.173998
.268272
.362389
.456271
.549842
.643025
.735742
.827916
.919472
1.010332
1.100422
1.189666
1.277989
1.365318
1.451579
1.536700
1.620609
1.703235
1.784508
1.864359
1.942721
2.019526
2.094709
2.168205
2.239952
2.309887
2.377950
2.444083
2.508227
2.570327
2.630328
2.688178
2.743826
2.797223
2.848321
2.897075
2.943440
2.987376
3.028841
3.067799
3.104214
3.138051
3.169279
3.197869
3.223793
3.247025
3.267544
3.285328
3.300358
3.312619
3.322097
3.328779
3.332658
3.333725
3.331977
3.327411
3.320027
3.309828
3.296820
3.281009
3.262405
3.241020
3.216869
3.189969
3.160340
3.128002
3.092979
3.055299
3.014989
2.972081
2.926608
2.878605
2.828110
2.775163
2.719806
2.662082
2.602040
2.539725
2.475191
2.408487
2.339670
2.268795
2.195920
2.121106
2.044414
1.965908
1.885653
1.803716
1.720165
1.635070
1.548502
1.460536
1.371243
1.280701
1.188986
1.096175
1.002348
.907584
.811965
.715572
.618488
.520797
.422583
.323930
.224923
.125650
.026195
-.073355
-.172913
-.272392
-.371705
-.470764
-.569484
-.667777
-.765556
-.862734
-.959227
-1.054948
-1.149812
-1.243734
-1.336631
-1.428420
-1.519018
-1.608343
-1.696316
-1.782857
-1.867887
-1.951330
-2.033109
-2.113149
-2.191379
-2.267725
-2.342117
-2.414488
-2.484770
-2.552897
-2.618807
-2.682437
-2.743728
-2.802622
-2.859064
-2.912999
-2.964376
-3.013146
-3.059262
-3.102678
-3.143353
-3.181246
-3.216318
-3.248536
-3.277866
-3.304277
-3.327743
-3.348237
-3.365737
-3.380224
-3.391680
-3.400090
-3.405443
-3.407730
-3.406944
-3.403082
-3.396142
-3.386127
-3.373042
-3.356894
-3.337693
-3.315453
-3.290189
-3.261920
-3.230668
-3.196456
-3.159312
-3.119265
-3.076348
-3.030595
-2.982044
-2.930736
-2.876713
-2.820022
-2.760709
-2.698826
-2.634426
-2.567563
-2.498296
-2.426685
-2.352791
-2.276680
-2.198419
-2.118076
-2.035722
-1.951430
-1.865275
-1.777334
-1.687685
-1.596409
-1.503587
-1.409303
-1.313642
-1.216691
-1.118538
-1.019271
-.918982
-.817761
-.715702
-.612898
-.509444
-.405435
-.300967
-.196136
-.091040
.014224
.119557
.224861
.330038
.434989
.539615
.643819
.747502
.850565
.952911
1.054443
1.155065
1.254679
1.353192
1.450509
1.546535
1.641180
1.734351
1.825958
1.915912
2.004126
2.090513
2.174990
2.257473
2.337881
2.416135
2.492157
2.565872
2.637205
2.706086
2.772446
2.836217
2.897335
2.955736
3.011363
3.064156
3.114063
3.161029
3.205006
3.245948
3.283810
3.318552
3.350135
3.378524
3.403687
3.425596
3.444223
3.459547
3.471547
3.480206
3.485512
3.487453
3.486024
3.481220
3.473040
3.461488
3.446570
3.428294
3.406674
3.381725
3.353466
3.321920
3.287113
3.249073
3.207833
3.163428
3.115896
3.065278
3.011621
2.954971
2.895379
2.832900
2.767589
2.699507
2.628716
2.555282
2.479273
2.400759
2.319814
2.236514
2.150937
2.063165
1.973280
1.881368
1.787518
1.691818
1.594360
1.495240
1.394551
1.292392
1.188862
1.084062
.978094
.871061
.763069
.654224
.544633
.434404
.323647
.212471
.100987
-.010693
-.122459
-.234198
-.345798
-.457147
-.568132
-.678641
-.788562
-.897783
-1.006194
-1.113682
-1.220140
-1.325456
-1.429523
-1.532234
-1.633481
-1.733161
-1.831170
-1.927405
-2.021766
-2.114154
-2.204471
-2.292622
-2.378515
-2.462057
-2.543160
-2.621736
-2.697702
-2.770975
-2.841477
-2.909129
-2.973859
-3.035595
-3.094269
-3.149815
-3.202171
-3.251279
-3.297081
-3.339526
-3.378565
-3.414150
-3.446240
-3.474796
-3.499783
-3.521168
-3.538924
-3.553025
-3.563452
-3.570188
-3.573218
-3.572535
-3.568132
-3.560008
-3.548164
-3.532608
-3.513350
-3.490402
-3.463783
-3.433514
-3.399622
-3.362135
-3.321088
-3.276515
-3.228460
-3.176966
-3.122082
-3.063860
-3.002355
-2.937626
-2.869738
-2.798755
-2.724748
-2.647791
-2.567958
-2.485330
-2.399990
-2.312024
-2.221521
-2.128572
-2.033273
-1.935720
-1.836014
-1.734258
-1.630555
-1.525015
-1.417746
-1.308861
-1.198473
-1.086697
-.973651
-.859455
-.744229
-.628094
-.511175
-.393596
-.275483
-.156961
-.038159
.080797
.199777
.318654
.437297
.555580
.673371
.790542
.906967
1.022515
1.137060
1.250476
1.362637
1.473418
1.582697
1.690350
1.796258
1.900301
2.002362
2.102326
2.200080
2.295511
2.388512
2.478975
2.566796
2.651874
2.734111
2.813409
2.889678
2.962825
3.032767
3.099418
3.162700
3.222535
3.278852
3.331581
3.380658
3.426021
3.467612
3.505379
3.539273
3.569249
3.595265
3.617286
3.635280
3.649220
3.659081
3.664847
3.666501
3.664037
3.657447
3.646733
3.631899
3.612954
3.589911
3.562790
3.531613
3.496408
3.457207
3.414048
3.366972
3.316026
3.261259
3.202727
3.140491
3.074612
3.005161
2.932210
2.855835
2.776117
2.693141
2.606997
2.517776
2.425576
2.330497
2.232642
2.132120
2.029039
1.923515
1.815665
1.705609
1.593469
1.479371
1.363444
1.245818
1.126627
1.006006
.884091
.761024
.636944
.511994
.386317
.260060
.133368
.006389
-.120729
-.247838
-.374789
-.501433
-.627620
-.753202
-.878029
-1.001952
-1.124826
-1.246501
-1.366833
-1.485677
-1.602888
-1.718327
-1.831851
-1.943323
-2.052607
-2.159568
-2.264074
-2.365998
-2.465211
-2.561590
-2.655016
-2.745369
-2.832538
-2.916409
-2.996878
-3.073840
-3.147197
-3.216852
-3.282715
-3.344700
-3.402723
-3.456707
-3.506578
-3.552269
-3.593715
-3.630858
-3.663644
-3.692025
-3.715958
-3.735403
-3.750330
-3.760710
-3.766521
-3.767747
-3.764378
-3.756408
-3.743837
-3.726672
-3.704924
-3.678611
-3.647754
-3.612384
-3.572534
-3.528244
-3.479559
-3.426531
-3.369216
-3.307675
-3.241977
-3.172193
-3.098402
-3.020687
-2.939137
-2.853844
-2.764907
-2.672429
-2.576517
-2.477285
-2.374849
-2.269330
-2.160854
-2.049550
-1.935553
-1.818998
-1.700028
-1.578786
-1.455421
-1.330082
-1.202924
-1.074104
-.943780
-.812114
-.679271
-.545414
-.410713
-.275335
-.139452
-.003236
.133142
.269507
.405686
.541505
.676789
.811364
.945057
1.077693
1.209101
1.339110
1.467548
1.594248
1.719043
1.841767
1.962258
2.080354
2.195899
2.308737
2.418716
2.525687
2.629505
2.730027
2.827116
2.920638
3.010462
3.096464
3.178523
3.256522
3.330351
3.399904
3.465080
3.525784
3.581925
3.633420
3.680191
3.722165
3.759277
3.791466
3.818679
3.840869
3.857994
3.870022
3.876923
3.878678
3.875273
3.866700
3.852960
3.834058
3.810008
3.780831
3.746555
3.707213
3.662846
3.613504
3.559240
3.500117
3.436203
3.367573
3.294309
3.216500
3.134240
3.047631
2.956779
2.861799
2.762809
2.659936
2.553310
2.443068
2.329352
2.212310
2.092093
1.968859
1.842769
1.713991
1.582694
1.449054
1.313248
1.175459
1.035873
.894677
.752064
.608226
.463362
.317669
.171348
.024600
-.122370
-.269360
-.416163
-.562574
-.708388
-.853399
-.997403
-1.140193
-1.281568
-1.421324
-1.559262
-1.695182
-1.828888
-1.960186
-2.088883
-2.214792
-2.337728
-2.457508
-2.573955
-2.686895
-2.796159
-2.901581
-3.003003
-3.100269
-3.193230
-3.281742
-3.365668
-3.444875
-3.519238
-3.588639
-3.652964
-3.712109
-3.765975
-3.814471
-3.857513
-3.895026
-3.926941
-3.953198
-3.973745
-3.988536
-3.997537
-4.000719
-3.998063
-3.989558
-3.975201
-3.954999
-3.928967
-3.897128
-3.859513
-3.816163
-3.767128
-3.712466
-3.652242
-3.586532
-3.515418
-3.438992
-3.357354
-3.270611
-3.178880
-3.082284
-2.980954
-2.875030
-2.764658
-2.649992
-2.531191
-2.408424
-2.281865
-2.151693
-2.018096
-1.881266
-1.741401
-1.598704
-1.453383
-1.305653
-1.155730
-1.003837
-.850199
-.695045
-.538609
-.381125
-.222831
-.063967
.095224
.254501
.413617
.572328
.730389
.887555
1.043579
1.198219
1.351230
1.502372
1.651405
1.798092
1.942197
2.083490
2.221743
2.356731
2.488235
2.616038
2.739931
2.859709
2.975171
3.086124
3.192381
3.293761
3.390090
3.481203
3.566940
3.647150
3.721690
3.790427
3.853233
3.909993
3.960599
4.004952
4.042964
4.074557
4.099660
4.118215
4.130175
4.135499
4.135001
4.129526
4.118930
4.103028
4.081603
4.054401
4.021135
3.981491
3.935122
3.881658
3.820702
3.751840
3.674637
3.588643
3.493401
3.388445
3.273311
3.147538
3.010679
2.862304
2.702010
2.529432
2.344248
2.146193
1.935070
1.710761
1.473240
1.222590
.959012
.682846
.394581
.094874
-.215434
-.535305
-.863490
-1.198510
-1.538651
-1.881950
-2.226187
-2.568881
-2.907292
-3.238419
-3.559016
-3.865598
-4.154470
-4.421750
-4.663406
-4.875302
-5.053251
-5.193072
-5.290672
-5.342113
-5.343711
-5.292130
-5.184483
-5.018443
-4.792358
-4.505360
-4.157479
-3.749753
-3.284323
-2.764522
-2.194942
-1.581485
-.931384
-.253193
.443254
1.146932
1.845748
2.526710
3.176154
3.780001
4.324074
4.794448
5.177838
5.462019
5.636258
5.691762
5.622100
5.423622
5.095816
4.641617
4.067623
3.384225
2.605605
1.749617
.837510
-.106486
-1.055735
-1.981912
-2.855860
-3.648552
-4.332152
-4.881119
-5.273323
-5.491126
-5.522373
-5.361233
-5.008855
-4.473768
-3.771995
-2.926847
-1.968371
-.932453
.140425
1.206715
2.221608
3.141007
3.923605
4.532965
4.939486
5.122145
5.069909
4.782707
4.271893
3.560121
2.680611
1.675807
.595464
-.505766
-1.571127
-2.544789
-3.374968
-4.016920
-4.435659
-4.608181
-4.525073
-4.191352
-3.626460
-2.863386
-1.946924
-.931165
.123662
1.154791
2.100771
2.905282
3.520717
3.911223
4.055049
3.945979
3.593770
3.023541
2.274135
1.395569
.445721
-.513500
-1.420259
-2.216880
-2.853632
-3.291949
-3.506870
-3.488523
-3.242573
-2.789595
-2.163446
-1.408764
-.577765
.273394
1.088384
1.814309
2.405248
2.825151
3.050005
3.069155
2.885724
2.516113
1.988638
1.341409
.619613
-.127614
-.850508
-1.501969
-2.040606
-2.433342
-2.657418
-2.701666
-2.567007
-2.266122
-1.822375
-1.268043
-.641996
.012997
.653173
1.236677
1.726282
2.091737
2.311615
2.374534
2.279696
2.036710
1.664739
1.191037
.648975
.075717
-.490310
-1.011974
-1.455859
-1.794381
-2.007488
-2.083815
-2.021248
-1.826870
-1.516295
-1.112458
-.643948
-.143005
.356681
.822220
1.223676
1.535967
1.740425
1.825879
1.789237
1.635513
1.377331
1.033924
.629729
.192668
-.247769
-.662498
-1.024746
-1.311771
-1.506269
-1.597399
-1.581363
-1.461499
-1.247918
-.956687
-.608643
-.227924
.159693
.528530
.854689
1.117596
1.301281
1.395331
1.395464
1.303671
1.127958
.881689
.582590
.251490
-.089119
-.416599
-.709655
-.949719
-1.122106
-1.216902
-1.229517
-1.160873
-1.017222
-.809625
-.553122
-.265650
.033193
.323481
.586272
.804843
.965739
1.059589
1.081642
1.031974
.915386
.740984
.521489
.272321
.010525
-.246385
-.481588
-.680055
-.829495
-.921108
-.950094
-.915876
-.822057
-.676087
-.488692
-.273100
-.044114
.182898
.393023
.572780
.710975
.799391
.833264
.811527
.736795
.615122
.455523
.269319
.069343
-.130939
-.318326
-.480750
-.608044
-.692572
-.729677
-.717925
-.659132
-.558173
-.422598
-.262076
-.087711
.088715
.255537
.401970
.518804
.598972
.637976
.634123
.588581
.505239
.390392
.252276
.100487
-.054687
-.202951
-.334686
-.441566
-.517082
-.556926
-.559235
-.524657
-.456255
-.359256
-.240660
-.108739
.027534
.159088
.277358
.374838
.445548
.485402
.492431
.466874
.411107
.329447
.227827
.113366
-.006124
-.122664
-.228639
-.317294
-.383159
-.422381
-.432943
-.414761
-.369645
-.301142
-.214261
-.115119
-.010506
.092569
.187349
.267768
.328834
.366938
.380058
.367863
.331696
.274451
.200347
.114625
.023179
-.067844
-.152458
-.225226
-.281607
-.318236
-.333121
-.325745
-.297069
-.249435
-.186386
-.112403
-.032593
.047663
.123069
.188761
.240619
.275521
.291530
.287994
.265562
.226115
.172615
.108884
.039339
-.031315
-.098401
-.157574
-.205107
-.238115
-.254735
-.254220
-.236971
-.204479
-.159210
-.104418
-.043916
.018189
.077772
.130963
.174392
.205409
.222234
.224060
.211089
.184489
.146303
.099294
.046746
-.007761
-.060595
-.108312
-.147876
-.176857
-.193570
-.197175
-.187716
-.166092
-.133989
-.093744
-.048181
-.000416
.046359
.089082
.125028
.151971
.168329
.173250
.166654
.149221
.122329
.087953
.048516
.006723
-.034621
-.072804
-.105377
-.130315
-.146137
-.151995
-.147716
-.133798
-.111362
-.082070
-.047995
-.011486
.025002
.059066
.088513
.111501
.126654
.133142
.130721
.119741
.101107
.076210
.046823
.014979
-.017174
-.047509
-.074069
-.095183
-.109578
-.116447
-.115500
-.106964
-.091564
-.070461
-.045166
-.017436
.010853
.037823
.061727
.081056
.094633
.101687
.101892
.095381
.082726
.064891
.043162
.019053
-.005797
-.029736
-.051206
-.068845
-.081573
-.088657
-.089749
-.084906
-.074574
-.059549
-.040922
-.019996
.001801
.023015
.042260
.058312
.070180
.077172
.078932
.075455
.067082
.054468
.038535
.020403
.001314
-.017455
-.034674
-.049242
-.060256
-.067066
-.069313
-.066946
-.060220
-.049670
-.036073
-.020390
-.003698
.012882
.028259
.041448
.051625
.058185
.060772
.059301
.053954
.045168
.033593
.020053
.005480
-.009143
-.022853
-.034764
-.044132
-.050393
-.053201
-.052445
-.048250
-.040966
-.031139
-.019470
-.006768
.006110
.018311
.029046
.037638
.043568
.046502
.046310
.043071
.037065
.028745
.018708
.007654
-.003670
-.014510
-.024163
-.032019
-.037598
-.040582
-.040829
-.038381
-.033457
-.026434
-.017819
-.008215
.001726
.011342
.020005
.027166
.032385
.035360
.035941
.034143
.030134
.024225
.016847
.008516
-.000198
-.008714
-.016474
-.022983
-.027840
-.030759
-.031590
-.030322
-.027084
-.022131
-.015826
-.008612
-.000985
.006544
.013482
.019384
.023883
.026713
.027723
.026886
.024295
.020159
.014783
.008548
.001883
-.004764
-.010956
-.016294
-.020445
-.023160
-.024292
-.023800
-.021751
-.018312
-.013741
-.008362
-.002546
.003313
.008829
.013646
.017461
.020045
.021253
.021036
.019437
.016592
.012715
.008083
.003017
-.002139
-.007045
-.011382
-.014877
-.017318
-.018565
-.018563
-.017339
-.014998
-.011719
-.007738
-.003333
.001199
.005555
.009452
.012643
.014934
.016192
.016356
.015440
.013526
.010762
.007348
.003523
-.000453
-.004314
-.007809
-.010715
-.012853
-.014099
-.014390
-.013726
-.012173
-.009850
-.006929
-.003613
-.000130
.003287
.006416
.009054
.011040
.012257
.012640
.012182
.010932
.008988
.006494
.003625
.000578
-.002442
-.005236
-.007626
-.009463
-.010637
-.011086
-.010795
-.009798
-.008178
-.006054
-.003575
-.000915
.001750
.004242
.006402
.008094
.009216
.009708
.009550
.008766
.007421
.005616
.003480
.001160
-.001187
-.003406
-.005353
-.006906
-.007971
-.008488
-.008435
-.007828
-.006718
-.005189
-.003351
