-78478289
-83498392
-92399404
-12343895
-38093890
-94378755
-24589843
-59023898
-40283943
-43789439
-29849389
-98485894
-40984939
-69345937
-50984939
-24893899
-10984898
-13999483
-34294849
-94389983
-90398934
-87584855
-87328383
-63387598
-19878734
-72388749
-59832449
-21911928
-38937848
-78942376
-59843284
-90302022
-78347843
-46897598
-18578487
-56234999
-23473476
-98546595
-49283935
-29639698
-80218428
-88899344
-98263682
-82828232
-23985792
-17398129
-39274999
-48284729
-29997792
-84929571
-63905290
-34999205
-30943989
-34838495
-98999945
-59489209
-49898409
-56389405
-49909255
-49879857
-74969826
-28959834
-69395777
-24546778
-70938587
-59854995
-59968397
-98593869
-54990298
-86593867
-93847472
-89782385
-53850275
-92740927
-95729492
-64992674
-93482945
-18939284
-14284929
-19248284
-34828482
-49274925
-48593729
-28498728
-78354878
-97384645
-28472945
-92848395
-67862947
-93474832
-98274892
-92749827
-58382985
-38127485
-48275888
-29843782
-28478289
-53498392
-12399404
-42343895
-88093890
-44378755
-74589843
-89023898
-10283943
-23789439

