2.963451 2.980347
2.941810 2.960199
2.986875 2.999635
2.918038 2.932353
2.896092 2.911018
2.895651 2.999934
2.869409 2.885003
2.847899 2.862208
2.803135 2.999968
2.823291 2.840328
2.801317 2.820180
2.715198 2.999972
2.784741 2.800585
2.767728 2.782043
2.635764 2.999978
2.749579 2.765708
2.731190 2.750177
2.569908 2.999999
2.714391 2.730509
2.697345 2.711727
2.508021 2.999988
2.677706 2.692024
2.658373 2.672761
2.439936 3.000000
2.638164 2.652497
2.619632 2.635976
2.364755 2.999984
2.599425 2.615050
2.580922 2.600173
2.296304 2.999986
2.564554 2.580545
2.548766 2.563373
2.236894 2.999988
2.530260 2.550167
2.517408 2.531776
2.181949 2.999991
2.499758 2.516776
2.483987 2.500436
2.126832 2.999989
2.468101 2.482424
2.449930 2.469389
2.057643 2.999991
2.083867 2.999988
2.431472 2.450192
2.418940 2.433710
2.002981 2.999990
2.030418 2.999998
2.398240 2.412588
2.383268 2.400333
1.947659 2.999991
1.971939 2.999992
2.361628 2.380200
2.349768 2.366842
1.894600 2.999988
1.917312 2.999990
2.329776 2.346903
2.319029 2.333901
1.848640 2.993964
1.866239 2.999989
2.299527 2.315443
2.288709 2.303269
1.825514 2.952181
1.816643 2.999989
2.269696 2.286316
2.259191 2.274300
1.801289 2.916060
1.770232 2.999999
2.239928 2.259066
2.229775 2.246878
1.775420 2.885497
1.727694 2.999992
2.212759 2.230281
2.200620 2.220177
1.749206 2.857057
1.686782 2.999990
2.186107 2.201032
2.175504 2.190808
1.735334 2.806481
1.644689 2.999988
2.159207 2.174340
2.149495 2.165297
1.729463 2.745097
1.597590 2.999991
1.615506 2.999988
2.134058 2.150455
2.125636 2.140853
1.713203 2.708249
1.563818 2.999989
1.580057 3.000000
2.109923 2.128822
2.101019 2.120186
1.695980 2.677417
1.532650 2.999991
1.547897 2.999992
2.089476 2.105216
2.079849 2.097563
1.677362 2.651323
1.502997 2.999990
1.517695 2.999992
2.068444 2.082855
2.059334 2.074712
1.656757 2.629560
1.474095 2.999989
1.488574 2.999994
2.046417 2.061174
2.037879 2.052189
1.632954 2.613026
1.445290 2.999988
1.459883 2.999999
2.022150 2.040237
2.013714 2.030402
1.603661 2.604385
1.424756 2.978105
1.430973 2.999996
1.999244 2.014438
1.989219 2.004367
1.562772 2.612746
1.409027 2.939106
1.395965 2.999989
1.971990 1.990229
1.962245 1.980245
1.541551 2.581410
1.391423 2.900236
1.359825 2.999999
1.368313 2.999993
1.948250 1.962599
1.938916 1.953648
1.530748 2.530977
1.381059 2.844188
1.319467 2.999998
1.332587 2.999991
1.920473 1.940184
1.912982 1.930311
1.515934 2.489613
1.368391 2.795602
1.288346 2.999994
1.300776 2.999997
1.898527 1.912973
1.889463 1.905150
1.497090 2.457102
1.353382 2.754324
1.267972 2.972786
1.268385 2.999994
1.873113 1.890327
1.865727 1.880890
1.474843 2.432229
1.336335 2.719496
1.253119 2.932072
1.236258 2.999989
1.243686 2.999989
1.849752 1.866632
1.839945 1.859307
1.448973 2.415481
1.317086 2.691451
1.236724 2.897383
1.201165 2.999995
1.211785 2.999993
1.828200 1.842538
1.819155 1.834190
1.424709 2.397863
1.297146 2.667307
1.218482 2.870276
1.174269 2.999989
1.184227 2.999989
1.806226 1.821090
1.798119 1.812444
1.410414 2.364700
1.282360 2.634393
1.202505 2.840650
1.148970 2.999996
1.158540 2.999994
1.785505 1.800816
1.777881 1.792192
1.396006 2.335104
1.268258 2.603657
1.187553 2.812324
1.131453 2.980407
1.133479 2.999989
1.766328 1.781137
1.758505 1.772939
1.379772 2.311859
1.253675 2.577427
1.173245 2.785877
1.117448 2.953640
1.109563 2.999998
1.748098 1.762420
1.739502 1.755290
1.365113 2.288313
1.240310 2.551295
1.160278 2.758939
1.104064 2.928434
1.087114 2.999990
1.092587 2.999991
1.729597 1.745705
1.719956 1.739970
1.351803 2.264616
1.227995 2.525358
1.148385 2.731923
1.091801 2.902809
1.062701 2.999991
1.071004 2.999996
1.711433 1.730212
1.705710 1.720888
1.339622 2.240957
1.216569 2.499744
1.137397 2.705024
1.080486 2.877008
1.044070 2.999989
1.052113 2.999992
1.697504 1.711857
1.689492 1.705243
1.328498 2.217282
1.205965 2.474396
1.127224 2.678257
1.070013 2.851110
1.026383 2.999989
1.034183 2.999988
1.679924 1.698498
1.673762 1.690419
1.318075 2.194094
1.195855 2.449904
1.117543 2.652329
1.060115 2.825751
1.016107 2.976126
1.015893 2.999988
1.667075 1.681548
1.659508 1.675305
1.308462 2.171053
1.186178 2.426253
1.108208 2.627475
1.050658 2.801173
1.007070 2.950134
1.000000 2.994770
1.649959 1.669800
1.645583 1.660846
1.300391 2.146397
1.178267 2.399812
1.100791 2.598739
1.043301 2.771437
1.000000 2.918779
1.000000 2.940876
1.638492 1.652920
1.629936 1.648727
1.293003 2.121333
1.170928 2.372973
1.093543 2.570566
1.036393 2.741371
1.000000 2.863513
1.000000 2.884774
1.623305 1.640358
1.618488 1.632913
1.285904 2.096540
1.163866 2.346375
1.086475 2.542857
1.029612 2.711939
1.000000 2.809979
1.000000 2.830446
1.609754 1.626588
1.604171 1.620491
1.279752 2.070705
1.157688 2.318468
1.080237 2.513649
1.023661 2.680723
1.000000 2.757941
1.000000 2.777872
1.597392 1.611771
1.589913 1.608234
1.274743 2.043135
1.152815 2.287888
1.075390 2.480961
1.019223 2.645107
1.000000 2.718171
1.000000 2.732464
1.581756 1.600231
1.578457 1.592869
1.266797 2.020775
1.146529 2.260564
1.069511 2.451120
1.013983 2.612051
1.000000 2.669321
1.000000 2.681622
1.569493 1.585234
1.563852 1.580438
1.256340 2.002785
1.139065 2.235886
1.062760 2.423618
1.008062 2.581110
1.000000 2.621090
1.000000 2.631323
1.556309 1.571133
1.549849 1.567368
1.245900 1.984717
1.131643 2.211091
1.055961 2.396229
1.002009 2.550575
1.000000 2.573300
1.539990 1.560201
1.537901 1.552213
1.235441 1.966670
1.124065 2.186656
1.049520 2.367911
1.000000 2.507854
1.000000 2.524572
1.529018 1.543850
1.522760 1.540304
1.225369 1.947951
1.116617 2.161969
1.043747 2.337889
1.000000 2.459580
1.000000 2.475756
1.514927 1.530659
1.509712 1.526292
1.215449 1.928968
1.109179 2.137286
1.038122 2.307557
1.000000 2.411904
1.000000 2.427556
1.000000 2.435809
1.499925 1.518368
1.497262 1.511678
1.205867 1.909365
1.101925 2.112198
1.032849 2.276368
1.000000 2.364787
1.000000 2.380071
1.000000 2.388430
1.488254 1.502601
1.481626 1.500230
1.479851 1.497365
1.197024 1.888359
1.095268 2.085704
1.028412 2.242991
1.000000 2.326016
1.000000 2.340929
1.472974 1.490327
1.469476 1.485155
1.467600 1.481938
1.188989 1.865761
1.089194 2.057772
1.024673 2.207755
1.000000 2.280541
1.000000 2.295058
1.459644 1.475894
1.456227 1.471100
1.451491 1.470227
1.182385 1.840513
1.084006 2.027769
1.021909 2.170029
1.000001 2.234306
1.000000 2.248539
1.446459 1.461207
1.439970 1.459890
1.439290 1.454533
1.174501 1.817368
1.077866 1.999742
1.018232 2.134653
1.000000 2.188572
1.000000 2.202253
1.430130 1.450206
1.428901 1.443602
1.425955 1.440988
1.161947 1.802796
1.067003 1.982417
1.007887 2.116393
1.000001 2.146331
1.000001 2.157592
1.419337 1.434673
1.415376 1.430788
1.411043 1.430216
1.148596 1.791010
1.055555 1.967920
1.000001 2.093862
1.000001 2.105730
1.000001 2.114432
1.407190 1.421630
1.400824 1.420212
1.399789 1.416787
1.136986 1.777724
1.045360 1.952406
1.000001 2.054178
1.000001 2.065429
1.000001 2.073663
1.394151 1.410497
1.389829 1.407105
1.389014 1.403834
1.126831 1.763265
1.036180 1.936218
1.000001 2.016525
1.000001 2.027218
1.000001 2.035032
1.381166 1.400221
1.379268 1.394464
1.117046 1.749362
1.027418 1.920474
1.000001 1.986569
1.000001 1.996973
1.369952 1.388814
1.368430 1.382829
1.108532 1.734152
1.020259 1.902313
1.000001 1.953120
1.000001 1.963193
1.359794 1.376809
1.357506 1.371863
1.355007 1.370686
1.101983 1.716204
1.014257 1.882413
1.000000 1.920506
1.000000 1.929486
1.349534 1.365369
1.346621 1.361292
1.343791 1.360439
1.095355 1.699011
1.008236 1.863245
1.000001 1.888861
1.000001 1.896681
1.339247 1.354400
1.335906 1.350973
1.332874 1.350325
1.088661 1.682522
1.002205 1.844765
1.000001 1.858146
1.000002 1.864895
1.329006 1.343813
1.325440 1.340812
1.322309 1.340279
1.081915 1.666692
1.000001 1.819027
1.000001 1.827822
1.000002 1.834081
1.318870 1.333537
1.315262 1.330759
1.312112 1.330266
1.075128 1.651480
1.000000 1.789595
1.000001 1.798135
1.000002 1.804198
1.308850 1.323499
1.305361 1.320789
1.302200 1.320273
1.068667 1.636194
1.000001 1.760970
1.000001 1.769254
1.000002 1.775207
1.298932 1.313656
1.295672 1.310890
1.292550 1.310299
1.062214 1.621289
1.000002 1.733049
1.000001 1.741081
1.000002 1.746943
1.289096 1.304013
1.286164 1.301079
1.283147 1.300357
1.055708 1.606847
1.000002 1.705805
1.000002 1.713591
1.000001 1.719365
1.279316 1.294594
1.276799 1.291391
1.273964 1.290471
1.049154 1.592852
1.000001 1.679220
1.000002 1.686769
1.000002 1.692448
1.269554 1.285434
1.267522 1.281878
1.264958 1.280679
1.042555 1.579292
1.000002 1.657263
1.000003 1.664618
1.259767 1.276571
1.258262 1.272610
1.256067 1.271040
1.035914 1.566153
1.000002 1.632347
1.000001 1.639492
1.249919 1.268038
1.248937 1.263664
1.247201 1.261641
1.029235 1.553424
1.000002 1.607997
1.000003 1.614931
1.239983 1.259886
1.239477 1.255122
1.238271 1.252621
1.022265 1.541545
1.000004 1.584265
1.000001 1.591024
1.231845 1.250257
1.229835 1.247082
1.229163 1.244171
1.014902 1.530762
1.000002 1.561249
1.000003 1.567279
1.224194 1.240515
1.219983 1.239633
1.219745 1.236409
1.007611 1.520348
1.000002 1.538903
1.000004 1.544216
1.216464 1.231219
1.212346 1.230289
1.209979 1.229362
1.000383 1.510298
1.000004 1.517194
1.000003 1.521851
1.208325 1.222688
1.205237 1.220758
1.202525 1.220304
1.000001 1.489533
1.000005 1.495691
1.000000 1.500146
1.199497 1.215192
1.197680 1.212012
1.195722 1.210913
1.000003 1.468750
1.000006 1.474781
1.000002 1.479061
1.189962 1.208739
1.189291 1.204508
1.188215 1.202554
1.000003 1.448552
1.000006 1.454458
1.000003 1.458575
1.182666 1.200317
1.179940 1.198284
1.179601 1.195623
1.000003 1.428912
1.000007 1.434695
1.000003 1.438659
1.176372 1.191177
1.172600 1.190312
1.169990 1.190004
1.000001 1.409807
1.000007 1.415468
1.000002 1.419291
1.168877 1.183543
1.166583 1.181280
1.164410 1.180560
1.000003 1.391204
1.000007 1.396727
1.000001 1.400441
1.159900 1.177697
1.159101 1.174013
1.157964 1.172279
1.000007 1.373090
1.000004 1.378459
1.000006 1.382082
1.152697 1.170322
1.149963 1.168694
1.149701 1.166115
1.000009 1.355453
1.000002 1.360672
1.000009 1.364209
1.147100 1.161578
1.143933 1.160475
1.141405 1.160247
1.000006 1.338279
1.000009 1.343334
1.000009 1.346806
1.139487 1.155140
1.138048 1.152366
1.136459 1.151220
1.000011 1.324077
1.000004 1.329026
1.130619 1.150231
1.129818 1.146884
1.129341 1.144649
1.000008 1.307888
1.000009 1.312689
1.126151 1.141082
1.122862 1.140340
1.120345 1.140231
1.000008 1.292078
1.000011 1.296747
1.119317 1.134575
1.117793 1.132114
1.116198 1.131102
1.000012 1.276643
1.000006 1.281199
1.110582 1.130233
1.109839 1.127044
1.109415 1.124882
1.000008 1.261584
1.000014 1.266002
1.106586 1.121284
1.103612 1.120430
1.101290 1.120247
1.000014 1.246855
1.000007 1.251175
1.099600 1.115594
1.098491 1.112908
1.097239 1.111673
1.000014 1.232476
1.000016 1.236554
1.092424 1.110306
1.089981 1.109038
1.089804 1.106750
1.000010 1.218426
1.000014 1.222285
1.088049 1.102368
1.085808 1.100950
1.083894 1.100474
1.000022 1.204670
1.000012 1.208345
1.079955 1.098409
1.079512 1.095222
1.078855 1.093496
1.000010 1.191243
1.000023 1.194706
1.075555 1.090864
1.072573 1.090319
1.070332 1.090237
1.000016 1.178064
1.000012 1.181393
1.069499 1.085171
1.068394 1.082776
1.067199 1.081647
1.000029 1.165143
1.000016 1.168336
1.062760 1.080336
1.059998 1.079684
1.059889 1.077472
1.000024 1.152499
1.000031 1.155531
1.058587 1.073047
1.056833 1.071420
1.055221 1.070764
1.000002 1.140120
1.000029 1.143005
1.050169 1.070239
1.049861 1.067190
1.049523 1.065258
1.000026 1.127934
1.000011 1.130749
1.047418 1.061804
1.045193 1.060757
1.043338 1.060400
1.000043 1.115985
1.000020 1.118705
1.039954 1.058322
1.039571 1.055449
1.039009 1.053797
1.000050 1.104282
1.000043 1.106882
1.036266 1.051137
1.033771 1.050460
1.031799 1.050274
1.000048 1.092807
1.000057 1.095299
1.029828 1.046898
1.029234 1.044330
1.028494 1.042911
1.000037 1.081561
1.000064 1.083948
1.025348 1.040803
1.022730 1.040338
1.020720 1.040245
1.000017 1.070533
1.000064 1.072822
1.019696 1.036038
1.018962 1.033698
1.018115 1.032440
1.000011 1.059695
1.000059 1.061913
1.014784 1.030654
1.012143 1.030295
1.010142 1.030244
1.000041 1.049019
1.000051 1.051213
1.009620 1.025657
1.008832 1.023450
1.007956 1.022273
1.000076 1.038533
1.000041 1.040714
1.004623 1.020619
1.002029 1.020289
1.000071 1.020246
1.000121 1.028226
1.000034 1.030408
1.000454 1.014863
1.000403 1.011984
1.000093 1.010284
1.000201 1.018069
1.000038 1.020280
1.000048 1.010141
