# freq (HZ)       sqrt S(f) strain/sqrt(Hz)
1.000000e+00	3.495908e-12
1.018591e+00	3.456368e-12
1.037528e+00	3.384543e-12
1.056818e+00	3.278838e-12
1.076465e+00	3.139569e-12
1.096478e+00	2.968999e-12
1.116863e+00	2.771852e-12
1.137627e+00	2.554936e-12
1.158777e+00	2.326002e-12
1.180321e+00	2.093293e-12
1.202264e+00	1.864447e-12
1.224616e+00	1.645697e-12
1.247384e+00	1.441684e-12
1.270574e+00	1.255365e-12
1.294196e+00	1.088003e-12
1.318257e+00	9.397882e-13
1.342765e+00	8.099160e-13
1.367729e+00	6.970758e-13
1.393157e+00	5.996530e-13
1.419058e+00	5.159172e-13
1.445440e+00	4.441708e-13
1.472313e+00	3.828071e-13
1.499685e+00	3.303848e-13
1.527566e+00	2.856012e-13
1.555966e+00	2.473261e-13
1.584893e+00	2.145952e-13
1.614359e+00	1.865606e-13
1.644372e+00	1.625100e-13
1.674943e+00	1.418502e-13
1.706082e+00	1.240595e-13
1.737801e+00	1.087076e-13
1.770109e+00	9.543551e-14
1.803018e+00	8.393054e-14
1.836538e+00	7.393669e-14
1.870682e+00	6.523340e-14
1.905461e+00	5.763416e-14
1.940886e+00	5.098237e-14
1.976970e+00	4.514608e-14
2.013724e+00	4.001105e-14
2.051162e+00	3.548216e-14
2.089296e+00	3.147821e-14
2.128139e+00	2.792930e-14
2.167704e+00	2.477764e-14
2.208005e+00	2.197253e-14
2.249055e+00	1.947153e-14
2.290868e+00	1.723852e-14
2.333458e+00	1.524334e-14
2.376840e+00	1.345953e-14
2.421029e+00	1.186506e-14
2.466039e+00	1.044047e-14
2.511886e+00	9.168958e-15
2.558586e+00	8.036371e-15
2.606154e+00	7.029266e-15
2.654606e+00	6.136066e-15
2.703958e+00	5.345890e-15
2.754229e+00	4.648684e-15
2.805434e+00	4.035246e-15
2.857591e+00	3.497035e-15
2.910717e+00	3.025868e-15
2.964831e+00	2.614388e-15
3.019952e+00	2.255901e-15
3.076097e+00	1.944062e-15
3.133286e+00	1.673285e-15
3.191538e+00	1.438567e-15
3.250873e+00	1.235378e-15
3.311311e+00	1.059742e-15
3.372873e+00	9.081969e-16
3.435579e+00	7.776962e-16
3.499452e+00	6.655643e-16
3.564511e+00	5.695213e-16
3.630781e+00	4.875846e-16
3.698282e+00	4.180228e-16
3.767038e+00	3.593519e-16
3.837072e+00	3.102487e-16
3.908409e+00	2.695318e-16
3.981072e+00	2.361402e-16
4.055085e+00	2.090644e-16
4.130475e+00	1.873527e-16
4.207266e+00	1.701022e-16
4.285485e+00	1.564444e-16
4.365158e+00	1.456029e-16
4.446313e+00	1.368832e-16
4.528976e+00	1.297060e-16
4.613176e+00	1.236090e-16
4.698941e+00	1.182361e-16
4.786301e+00	1.133261e-16
4.875285e+00	1.086951e-16
4.965923e+00	1.042221e-16
5.058247e+00	9.983205e-17
5.152286e+00	9.548387e-17
5.248075e+00	9.116539e-17
5.345644e+00	8.687204e-17
5.445027e+00	8.261711e-17
5.546257e+00	7.841515e-17
5.649370e+00	7.428481e-17
5.754399e+00	7.024251e-17
5.861382e+00	6.630404e-17
5.970353e+00	6.248417e-17
6.081350e+00	5.878953e-17
6.194411e+00	5.522554e-17
6.309573e+00	5.179645e-17
6.426877e+00	4.850092e-17
6.546362e+00	4.533880e-17
6.668068e+00	4.230483e-17
6.792036e+00	3.939581e-17
6.918310e+00	3.660834e-17
7.046931e+00	3.393829e-17
7.177943e+00	3.138196e-17
7.311391e+00	2.893877e-17
7.447320e+00	2.660664e-17
7.585776e+00	2.438541e-17
7.726806e+00	2.227563e-17
7.870458e+00	2.027916e-17
8.016781e+00	1.839713e-17
8.165824e+00	1.663030e-17
8.317638e+00	1.497925e-17
8.472274e+00	1.344467e-17
8.629785e+00	1.202486e-17
8.790225e+00	1.071889e-17
8.953648e+00	9.523794e-18
9.120108e+00	8.436067e-18
9.289664e+00	7.451608e-18
9.462372e+00	6.565231e-18
9.638290e+00	5.771517e-18
9.817479e+00	5.064423e-18
1.000000e+01	4.437619e-18
1.018591e+01	3.884812e-18
1.037528e+01	3.399382e-18
1.056818e+01	2.975021e-18
1.076465e+01	2.605434e-18
1.096478e+01	2.284757e-18
1.116863e+01	2.007521e-18
1.137627e+01	1.768602e-18
1.158777e+01	1.563328e-18
1.180321e+01	1.387586e-18
1.202264e+01	1.237713e-18
1.224616e+01	1.110529e-18
1.247384e+01	1.003275e-18
1.270574e+01	9.137555e-19
1.294196e+01	8.400981e-19
1.318257e+01	7.810161e-19
1.342765e+01	7.356987e-19
1.367729e+01	7.039795e-19
1.393157e+01	6.865624e-19
1.419058e+01	6.854567e-19
1.445440e+01	7.048878e-19
1.472313e+01	7.532168e-19
1.499685e+01	8.476567e-19
1.527566e+01	1.026904e-18
1.555966e+01	1.393478e-18
1.584893e+01	2.303456e-18
1.614359e+01	5.868944e-18
1.644372e+01	9.160095e-17
1.674943e+01	1.033856e-17
1.706082e+01	1.532922e-18
1.737801e+01	4.940717e-19
1.770109e+01	2.112759e-19
1.803018e+01	1.047080e-19
1.836538e+01	5.682246e-20
1.870682e+01	3.279291e-20
1.905461e+01	1.978655e-20
1.940886e+01	1.234810e-20
1.976970e+01	7.912797e-21
2.013724e+01	5.180241e-21
2.051162e+01	3.452073e-21
2.089296e+01	2.335608e-21
2.128139e+01	1.601548e-21
2.167704e+01	1.111860e-21
2.208005e+01	7.812859e-22
2.249055e+01	5.560835e-22
2.290868e+01	4.016243e-22
2.333458e+01	2.953113e-22
2.376840e+01	2.220701e-22
2.421029e+01	1.717078e-22
2.466039e+01	1.371640e-22
2.511886e+01	1.134593e-22
2.558586e+01	9.704653e-23
2.606154e+01	8.544566e-23
2.654606e+01	7.696088e-23
2.703958e+01	7.048229e-23
2.754229e+01	6.530403e-23
2.805434e+01	6.099019e-23
2.857591e+01	5.727169e-23
2.910717e+01	5.398213e-23
2.964831e+01	5.101995e-23
3.019952e+01	4.831700e-23
3.076097e+01	4.583107e-23
3.133286e+01	4.353114e-23
3.191538e+01	4.139425e-23
3.250873e+01	3.940397e-23
3.311311e+01	3.754655e-23
3.372873e+01	3.581212e-23
3.435579e+01	3.419007e-23
3.499452e+01	3.267232e-23
3.564511e+01	3.125288e-23
3.630781e+01	2.992402e-23
3.698282e+01	2.868072e-23
3.767038e+01	2.751756e-23
3.837072e+01	2.643017e-23
3.908409e+01	2.541324e-23
3.981072e+01	2.446358e-23
4.055085e+01	2.357708e-23
4.130475e+01	2.275097e-23
4.207266e+01	2.198062e-23
4.285485e+01	2.126425e-23
4.365158e+01	2.059823e-23
4.446313e+01	1.998021e-23
4.528976e+01	1.940796e-23
4.613176e+01	1.887861e-23
4.698941e+01	1.838993e-23
4.786301e+01	1.794031e-23
4.875285e+01	1.752710e-23
4.965923e+01	1.714826e-23
5.058247e+01	1.680235e-23
5.152286e+01	1.648770e-23
5.248075e+01	1.620168e-23
5.345644e+01	1.594373e-23
5.445027e+01	1.571122e-23
5.546257e+01	1.550387e-23
5.649370e+01	1.531899e-23
5.754399e+01	1.515619e-23
5.861382e+01	1.501343e-23
5.970353e+01	1.489018e-23
6.081350e+01	1.478495e-23
6.194411e+01	1.469637e-23
6.309573e+01	1.462379e-23
6.426877e+01	1.456599e-23
6.546362e+01	1.452279e-23
6.668068e+01	1.449239e-23
6.792036e+01	1.447438e-23
6.918310e+01	1.446805e-23
7.046931e+01	1.447271e-23
7.177943e+01	1.448805e-23
7.311391e+01	1.451309e-23
7.447320e+01	1.454755e-23
7.585776e+01	1.459083e-23
7.726806e+01	1.464232e-23
7.870458e+01	1.470212e-23
8.016781e+01	1.476964e-23
8.165824e+01	1.484465e-23
8.317638e+01	1.492657e-23
8.472274e+01	1.501551e-23
8.629785e+01	1.511089e-23
8.790225e+01	1.521318e-23
8.953648e+01	1.532145e-23
9.120108e+01	1.543583e-23
9.289664e+01	1.555607e-23
9.462372e+01	1.568267e-23
9.638290e+01	1.581467e-23
9.817479e+01	1.595255e-23
1.000000e+02	1.609608e-23
1.018591e+02	1.624538e-23
1.037528e+02	1.640023e-23
1.056818e+02	1.656037e-23
1.076465e+02	1.672630e-23
1.096478e+02	1.689779e-23
1.116863e+02	1.707497e-23
1.137627e+02	1.725758e-23
1.158777e+02	1.744617e-23
1.180321e+02	1.764006e-23
1.202264e+02	1.783980e-23
1.224616e+02	1.804513e-23
1.247384e+02	1.825660e-23
1.270574e+02	1.847353e-23
1.294196e+02	1.869649e-23
1.318257e+02	1.892561e-23
1.342765e+02	1.916108e-23
1.367729e+02	1.940216e-23
1.393157e+02	1.964988e-23
1.419058e+02	1.990353e-23
1.445440e+02	2.016369e-23
1.472313e+02	2.043055e-23
1.499685e+02	2.070380e-23
1.527566e+02	2.098360e-23
1.555966e+02	2.127061e-23
1.584893e+02	2.156403e-23
1.614359e+02	2.186503e-23
1.644372e+02	2.217277e-23
1.674943e+02	2.248744e-23
1.706082e+02	2.280972e-23
1.737801e+02	2.313982e-23
1.770109e+02	2.347740e-23
1.803018e+02	2.382210e-23
1.836538e+02	2.417520e-23
1.870682e+02	2.453579e-23
1.905461e+02	2.490462e-23
1.940886e+02	2.528192e-23
1.976970e+02	2.566729e-23
2.013724e+02	2.606154e-23
2.051162e+02	2.646427e-23
2.089296e+02	2.687571e-23
2.128139e+02	2.729606e-23
2.167704e+02	2.772554e-23
2.208005e+02	2.816437e-23
2.249055e+02	2.861212e-23
2.290868e+02	2.906966e-23
2.333458e+02	2.953725e-23
2.376840e+02	3.001442e-23
2.421029e+02	3.050142e-23
2.466039e+02	3.099917e-23
2.511886e+02	3.150649e-23
2.558586e+02	3.202506e-23
2.606154e+02	3.255442e-23
2.654606e+02	3.309482e-23
2.703958e+02	3.364573e-23
2.754229e+02	3.420818e-23
2.805434e+02	3.478244e-23
2.857591e+02	3.536877e-23
2.910717e+02	3.596582e-23
2.964831e+02	3.657548e-23
3.019952e+02	3.719804e-23
3.076097e+02	3.783293e-23
3.133286e+02	3.847955e-23
3.191538e+02	3.914083e-23
3.250873e+02	3.981438e-23
3.311311e+02	4.050140e-23
3.372873e+02	4.120216e-23
3.435579e+02	4.191698e-23
3.499452e+02	4.264518e-23
3.564511e+02	4.338904e-23
3.630781e+02	4.414688e-23
3.698282e+02	4.492003e-23
3.767038e+02	4.570777e-23
3.837072e+02	4.651146e-23
3.908409e+02	4.733147e-23
3.981072e+02	4.816704e-23
4.055085e+02	4.901850e-23
4.130475e+02	4.988730e-23
4.207266e+02	5.077150e-23
4.285485e+02	5.167375e-23
4.365158e+02	5.259446e-23
4.446313e+02	5.353157e-23
4.528976e+02	5.448789e-23
4.613176e+02	5.546257e-23
4.698941e+02	5.645599e-23
4.786301e+02	5.746720e-23
4.875285e+02	5.849921e-23
4.965923e+02	5.955113e-23
5.058247e+02	6.062196e-23
5.152286e+02	6.171490e-23
5.248075e+02	6.282898e-23
5.345644e+02	6.396317e-23
5.445027e+02	6.511934e-23
5.546257e+02	6.629793e-23
5.649370e+02	6.749786e-23
5.754399e+02	6.872267e-23
5.861382e+02	6.996970e-23
5.970353e+02	7.123936e-23
6.081350e+02	7.253540e-23
6.194411e+02	7.385502e-23
6.309573e+02	7.519864e-23
6.426877e+02	7.656848e-23
6.546362e+02	7.796506e-23
6.668068e+02	7.938711e-23
6.792036e+02	8.083697e-23
6.918310e+02	8.231330e-23
7.046931e+02	8.381852e-23
7.177943e+02	8.535127e-23
7.311391e+02	8.691405e-23
7.447320e+02	8.850545e-23
7.585776e+02	9.012806e-23
7.726806e+02	9.178041e-23
7.870458e+02	9.346306e-23
8.016781e+02	9.517875e-23
8.165824e+02	9.692594e-23
8.317638e+02	9.870747e-23
8.472274e+02	1.005194e-22
8.629785e+02	1.023670e-22
8.790225e+02	1.042509e-22
8.953648e+02	1.061696e-22
9.120108e+02	1.081235e-22
9.289664e+02	1.101134e-22
9.462372e+02	1.121424e-22
9.638290e+02	1.142089e-22
9.817479e+02	1.163135e-22
1.000000e+03	1.184568e-22
1.018591e+03	1.206424e-22
1.037528e+03	1.228683e-22
1.056818e+03	1.251353e-22
1.076465e+03	1.274442e-22
1.096478e+03	1.297956e-22
1.116863e+03	1.321935e-22
1.137627e+03	1.346356e-22
1.158777e+03	1.371229e-22
1.180321e+03	1.396561e-22
1.202264e+03	1.422394e-22
1.224616e+03	1.448672e-22
1.247384e+03	1.475469e-22
1.270574e+03	1.502761e-22
1.294196e+03	1.530559e-22
1.318257e+03	1.558870e-22
1.342765e+03	1.587706e-22
1.367729e+03	1.617112e-22
1.393157e+03	1.647062e-22
1.419058e+03	1.677529e-22
1.445440e+03	1.708598e-22
1.472313e+03	1.740243e-22
1.499685e+03	1.772475e-22
1.527566e+03	1.805303e-22
1.555966e+03	1.838781e-22
1.584893e+03	1.872837e-22
1.614359e+03	1.907524e-22
1.644372e+03	1.942898e-22
1.674943e+03	1.978882e-22
1.706082e+03	2.015580e-22
1.737801e+03	2.052958e-22
1.770109e+03	2.091029e-22
1.803018e+03	2.129806e-22
1.836538e+03	2.169302e-22
1.870682e+03	2.209530e-22
1.905461e+03	2.250505e-22
1.940886e+03	2.292240e-22
1.976970e+03	2.334802e-22
2.013724e+03	2.378099e-22
2.051162e+03	2.422200e-22
2.089296e+03	2.467175e-22
2.128139e+03	2.512928e-22
2.167704e+03	2.559588e-22
2.208005e+03	2.607114e-22
2.249055e+03	2.655461e-22
2.290868e+03	2.704768e-22
2.333458e+03	2.754990e-22
2.376840e+03	2.806144e-22
2.421029e+03	2.858183e-22
2.466039e+03	2.911253e-22
2.511886e+03	2.965378e-22
2.558586e+03	3.020369e-22
2.606154e+03	3.076451e-22
2.654606e+03	3.133574e-22
2.703958e+03	3.191832e-22
2.754229e+03	3.251098e-22
2.805434e+03	3.311464e-22
2.857591e+03	3.372951e-22
2.910717e+03	3.435579e-22
2.964831e+03	3.499371e-22
3.019952e+03	3.564429e-22
3.076097e+03	3.630613e-22
3.133286e+03	3.698026e-22
3.191538e+03	3.766778e-22
3.250873e+03	3.836719e-22
3.311311e+03	3.908049e-22
3.372873e+03	3.980613e-22
3.435579e+03	4.054525e-22
3.499452e+03	4.129904e-22
3.564511e+03	4.206588e-22
3.630781e+03	4.284795e-22
3.698282e+03	4.364354e-22
3.767038e+03	4.445494e-22
3.837072e+03	4.528037e-22
3.908409e+03	4.612220e-22
3.981072e+03	4.697859e-22
4.055085e+03	4.785199e-22
4.130475e+03	4.874162e-22
4.207266e+03	4.964666e-22
4.285485e+03	5.056966e-22
4.365158e+03	5.150982e-22
4.446313e+03	5.246625e-22
4.528976e+03	5.344167e-22
4.613176e+03	5.443522e-22
4.698941e+03	5.544597e-22
4.786301e+03	5.647679e-22
4.875285e+03	5.752677e-22
4.965923e+03	5.859627e-22
5.058247e+03	5.968429e-22
5.152286e+03	6.079390e-22
5.248075e+03	6.192414e-22
5.345644e+03	6.307540e-22
5.445027e+03	6.424658e-22
5.546257e+03	6.544101e-22
5.649370e+03	6.665765e-22
5.754399e+03	6.789691e-22
5.861382e+03	6.915921e-22
5.970353e+03	7.044335e-22
6.081350e+03	7.175299e-22
6.194411e+03	7.308698e-22
6.309573e+03	7.444577e-22
6.426877e+03	7.582982e-22
6.546362e+03	7.723782e-22
6.668068e+03	7.867378e-22
6.792036e+03	8.013643e-22
6.918310e+03	8.162628e-22
7.046931e+03	8.314382e-22
7.177943e+03	8.468958e-22
7.311391e+03	8.626408e-22
7.447320e+03	8.786785e-22
7.585776e+03	8.949937e-22
7.726806e+03	9.116329e-22
7.870458e+03	9.285814e-22
8.016781e+03	9.458451e-22
8.165824e+03	9.634296e-22
8.317638e+03	9.813411e-22
8.472274e+03	9.995856e-22
8.629785e+03	1.018169e-21
8.790225e+03	1.037098e-21
8.953648e+03	1.056355e-21
9.120108e+03	1.075994e-21
9.289664e+03	1.095999e-21
9.462372e+03	1.116375e-21
9.638290e+03	1.137130e-21
9.817479e+03	1.158271e-21
