# File noise_40smooth.dat
# Noise power spectrum (smooth fit) obtained by Sathyaprakash for
# the Caltech 40-meter detector in November 1994.
# This fit is:
#  S_h(f) = 5e-42 [10 + 4(f/f0)^2 + 2 (f/f0)^-4 + (f/f0/0.3)^-18 ]/Hz
# with f0=610 Hz 
# The format of this file is 
# freq (Hz)     Strain/root(Hz)
#
0.000000	1.338825e-02
1.000000	1.338825e-02
1.499900	1.338825e-02
1.499990	1.338825e-02
1.500000	1.338825e-02
1.507500	1.280056e-02
1.515038	1.223868e-02
1.522613	1.170146e-02
1.530226	1.118782e-02
1.537877	1.069673e-02
1.545566	1.022720e-02
1.553294	9.778264e-03
1.561061	9.349047e-03
1.568866	8.938664e-03
1.576710	8.546299e-03
1.584594	8.171154e-03
1.592517	7.812479e-03
1.600479	7.469549e-03
1.608482	7.141665e-03
1.616524	6.828181e-03
1.624607	6.528454e-03
1.632730	6.241886e-03
1.640894	5.967896e-03
1.649098	5.705934e-03
1.657344	5.455468e-03
1.665630	5.215999e-03
1.673958	4.987041e-03
1.682328	4.768136e-03
1.690740	4.558834e-03
1.699194	4.358723e-03
1.707690	4.167397e-03
1.716228	3.984467e-03
1.724809	3.809565e-03
1.733433	3.642345e-03
1.742100	3.482462e-03
1.750811	3.329599e-03
1.759565	3.183446e-03
1.768363	3.043708e-03
1.777205	2.910101e-03
1.786090	2.782364e-03
1.795021	2.660231e-03
1.803996	2.543459e-03
1.813016	2.431813e-03
1.822081	2.325069e-03
1.831192	2.223008e-03
1.840348	2.125428e-03
1.849549	2.032132e-03
1.858797	1.942931e-03
1.868091	1.857643e-03
1.877432	1.776102e-03
1.886819	1.698140e-03
1.896253	1.623600e-03
1.905734	1.552331e-03
1.915263	1.484190e-03
1.924839	1.419042e-03
1.934463	1.356753e-03
1.944136	1.297197e-03
1.953856	1.240256e-03
1.963626	1.185815e-03
1.973444	1.133763e-03
1.983311	1.083997e-03
1.993227	1.036414e-03
2.003194	9.909198e-04
2.013210	9.474230e-04
2.023276	9.058360e-04
2.033392	8.660745e-04
2.043559	8.280574e-04
2.053777	7.917098e-04
2.064046	7.569573e-04
2.074366	7.237302e-04
2.084738	6.919613e-04
2.095161	6.615879e-04
2.105637	6.325468e-04
2.116165	6.047818e-04
2.126746	5.782346e-04
2.137380	5.528528e-04
2.148067	5.285852e-04
2.158807	5.053829e-04
2.169601	4.831993e-04
2.180449	4.619890e-04
2.191351	4.417099e-04
2.202308	4.223209e-04
2.213320	4.037830e-04
2.224386	3.860586e-04
2.235508	3.691122e-04
2.246686	3.529100e-04
2.257919	3.374191e-04
2.269209	3.226080e-04
2.280555	3.084469e-04
2.291958	2.949075e-04
2.303417	2.819623e-04
2.314934	2.695856e-04
2.326509	2.577520e-04
2.338142	2.464380e-04
2.349832	2.356205e-04
2.361582	2.252779e-04
2.373389	2.153891e-04
2.385257	2.059346e-04
2.397183	1.968950e-04
2.409169	1.882522e-04
2.421215	1.799887e-04
2.433321	1.720879e-04
2.445487	1.645343e-04
2.457715	1.573118e-04
2.470003	1.504067e-04
2.482353	1.438045e-04
2.494765	1.374921e-04
2.507239	1.314567e-04
2.519775	1.256865e-04
2.532374	1.201695e-04
2.545036	1.148945e-04
2.557761	1.098511e-04
2.570550	1.050292e-04
2.583403	1.004190e-04
2.596320	9.601103e-05
2.609302	9.179658e-05
2.622348	8.776706e-05
2.635460	8.391455e-05
2.648637	8.023103e-05
2.661880	7.670934e-05
2.675190	7.334207e-05
2.688566	7.012275e-05
2.702009	6.704467e-05
2.715519	6.410173e-05
2.729096	6.128798e-05
2.742742	5.859770e-05
2.756455	5.602554e-05
2.770238	5.356632e-05
2.784089	5.121502e-05
2.798009	4.896687e-05
2.812000	4.681744e-05
2.826060	4.476239e-05
2.840190	4.279750e-05
2.854391	4.091891e-05
2.868663	3.912275e-05
2.883006	3.740545e-05
2.897421	3.576352e-05
2.911908	3.419368e-05
2.926468	3.269274e-05
2.941100	3.125770e-05
2.955805	2.988564e-05
2.970584	2.857381e-05
2.985437	2.731954e-05
3.000365	2.612034e-05
3.015366	2.497377e-05
3.030443	2.387755e-05
3.045595	2.282943e-05
3.060823	2.182732e-05
3.076128	2.086922e-05
3.091508	1.995315e-05
3.106966	1.907730e-05
3.122501	1.823989e-05
3.138113	1.743923e-05
3.153804	1.667373e-05
3.169573	1.594183e-05
3.185421	1.524206e-05
3.201348	1.457301e-05
3.217355	1.393333e-05
3.233441	1.332171e-05
3.249609	1.273696e-05
3.265857	1.217786e-05
3.282186	1.164331e-05
3.298597	1.113223e-05
3.315090	1.064357e-05
3.331665	1.017637e-05
3.348323	9.729681e-06
3.365065	9.302594e-06
3.381890	8.894250e-06
3.398800	8.503837e-06
3.415794	8.130555e-06
3.432873	7.773662e-06
3.450037	7.432431e-06
3.467287	7.106185e-06
3.484624	6.794258e-06
3.502047	6.496021e-06
3.519557	6.210877e-06
3.537155	5.938253e-06
3.554841	5.677586e-06
3.572615	5.428371e-06
3.590478	5.190090e-06
3.608430	4.962268e-06
3.626472	4.744448e-06
3.644605	4.536188e-06
3.662828	4.337069e-06
3.681142	4.146694e-06
3.699548	3.964672e-06
3.718045	3.790643e-06
3.736635	3.624252e-06
3.755319	3.465163e-06
3.774095	3.313060e-06
3.792966	3.167629e-06
3.811931	3.028587e-06
3.830990	2.895646e-06
3.850145	2.768540e-06
3.869396	2.647015e-06
3.888743	2.530823e-06
3.908187	2.419732e-06
3.927728	2.313517e-06
3.947366	2.211964e-06
3.967103	2.114871e-06
3.986938	2.022038e-06
4.006873	1.933279e-06
4.026907	1.848417e-06
4.047042	1.767282e-06
4.067277	1.689707e-06
4.087613	1.615537e-06
4.108051	1.544622e-06
4.128592	1.476821e-06
4.149234	1.411996e-06
4.169981	1.350016e-06
4.190830	1.290757e-06
4.211784	1.234099e-06
4.232843	1.179927e-06
4.254008	1.128133e-06
4.275278	1.078613e-06
4.296655	1.031267e-06
4.318138	9.859987e-07
4.339729	9.427181e-07
4.361427	9.013373e-07
4.383235	8.617725e-07
4.405151	8.239442e-07
4.427176	7.877772e-07
4.449312	7.531980e-07
4.471559	7.201365e-07
4.493917	6.885252e-07
4.516386	6.583023e-07
4.538968	6.294059e-07
4.561663	6.017779e-07
4.584472	5.753624e-07
4.607394	5.501063e-07
4.630431	5.259593e-07
4.653584	5.028719e-07
4.676851	4.807982e-07
4.700235	4.596938e-07
4.723737	4.395150e-07
4.747355	4.202225e-07
4.771092	4.017763e-07
4.794948	3.841405e-07
4.818923	3.672782e-07
4.843018	3.511565e-07
4.867233	3.357423e-07
4.891569	3.210045e-07
4.916027	3.069138e-07
4.940607	2.934420e-07
4.965310	2.805612e-07
4.990137	2.682459e-07
5.015087	2.564714e-07
5.040163	2.452133e-07
5.065363	2.344496e-07
5.090690	2.241583e-07
5.116144	2.143189e-07
5.141725	2.049111e-07
5.167433	1.959165e-07
5.193270	1.873168e-07
5.219236	1.790946e-07
5.245333	1.712331e-07
5.271559	1.637168e-07
5.297917	1.565305e-07
5.324407	1.496593e-07
5.351028	1.430901e-07
5.377784	1.368091e-07
5.404673	1.308039e-07
5.431696	1.250621e-07
5.458854	1.195725e-07
5.486148	1.143239e-07
5.513579	1.093057e-07
5.541147	1.045076e-07
5.568852	9.992030e-08
5.596697	9.553414e-08
5.624681	9.134069e-08
5.652804	8.733129e-08
5.681068	8.349788e-08
5.709473	7.983265e-08
5.738020	7.632842e-08
5.766711	7.297790e-08
5.795544	6.977457e-08
5.824522	6.671174e-08
5.853645	6.378338e-08
5.882913	6.098359e-08
5.912328	5.830672e-08
5.941889	5.574729e-08
5.971599	5.330028e-08
6.001457	5.096063e-08
6.031464	4.872369e-08
6.061621	4.658496e-08
6.091929	4.454010e-08
6.122389	4.258497e-08
6.153001	4.071570e-08
6.183766	3.892845e-08
6.214685	3.721972e-08
6.245759	3.558592e-08
6.276988	3.402388e-08
6.308372	3.253038e-08
6.339914	3.110244e-08
6.371614	2.973718e-08
6.403472	2.843188e-08
6.435489	2.718384e-08
6.467667	2.599061e-08
6.500005	2.484974e-08
6.532505	2.375895e-08
6.565167	2.271606e-08
6.597993	2.171893e-08
6.630983	2.076556e-08
6.664138	1.985405e-08
6.697459	1.898255e-08
6.730946	1.814931e-08
6.764601	1.735263e-08
6.798424	1.659094e-08
6.832416	1.586267e-08
6.866578	1.516637e-08
6.900911	1.450063e-08
6.935415	1.386413e-08
6.970092	1.325556e-08
7.004943	1.267370e-08
7.039968	1.211739e-08
7.075167	1.158550e-08
7.110543	1.107694e-08
7.146096	1.059072e-08
7.181826	1.012584e-08
7.217735	9.681366e-09
7.253824	9.256398e-09
7.290093	8.850079e-09
7.326543	8.461604e-09
7.363176	8.090189e-09
7.399992	7.735060e-09
7.436992	7.395533e-09
7.474177	7.070899e-09
7.511548	6.760523e-09
7.549105	6.463769e-09
7.586851	6.180039e-09
7.624785	5.908766e-09
7.662909	5.649392e-09
7.701223	5.401413e-09
7.739729	5.164320e-09
7.778428	4.937629e-09
7.817320	4.720889e-09
7.856407	4.513662e-09
7.895689	4.315536e-09
7.935167	4.126105e-09
7.974843	3.944987e-09
8.014717	3.771822e-09
8.054790	3.606258e-09
8.095064	3.447961e-09
8.135539	3.296612e-09
8.176217	3.151907e-09
8.217098	3.013553e-09
8.258183	2.881271e-09
8.299475	2.754797e-09
8.340972	2.633874e-09
8.382677	2.518257e-09
8.424590	2.407720e-09
8.466713	2.302032e-09
8.509047	2.200984e-09
8.551592	2.104370e-09
8.594350	2.011999e-09
8.637321	1.923681e-09
8.680508	1.839241e-09
8.723910	1.758508e-09
8.767529	1.681318e-09
8.811367	1.607515e-09
8.855424	1.536954e-09
8.899701	1.469488e-09
8.944200	1.404985e-09
8.988920	1.343314e-09
9.033865	1.284347e-09
9.079034	1.227972e-09
9.124429	1.174070e-09
9.170051	1.122534e-09
9.215900	1.073261e-09
9.261980	1.026149e-09
9.308290	9.811064e-10
9.354831	9.380403e-10
9.401605	8.968653e-10
9.448612	8.574977e-10
9.495855	8.198571e-10
9.543335	7.838691e-10
9.591052	7.494601e-10
9.639008	7.165623e-10
9.687202	6.851088e-10
9.735639	6.550358e-10
9.784317	6.262827e-10
9.833239	5.987917e-10
9.882404	5.725077e-10
9.931816	5.473771e-10
9.981475	5.233505e-10
10.031383	5.003775e-10
10.081539	4.784134e-10
10.131947	4.574132e-10
10.182607	4.373349e-10
10.233520	4.181382e-10
10.284687	3.997841e-10
10.336110	3.822356e-10
10.387791	3.654570e-10
10.439730	3.494151e-10
10.491928	3.340778e-10
10.544388	3.194132e-10
10.597110	3.053922e-10
10.650095	2.919870e-10
10.703345	2.791704e-10
10.756862	2.669161e-10
10.810646	2.551998e-10
10.864699	2.439978e-10
10.919023	2.332873e-10
10.973618	2.230471e-10
11.028485	2.132565e-10
11.083628	2.038954e-10
11.139046	1.949455e-10
11.194741	1.863882e-10
11.250715	1.782067e-10
11.306969	1.703842e-10
11.363503	1.629051e-10
11.420321	1.557544e-10
11.477422	1.489176e-10
11.534809	1.423807e-10
11.592484	1.361309e-10
11.650446	1.301553e-10
11.708698	1.244421e-10
11.767241	1.189797e-10
11.826077	1.137571e-10
11.885208	1.087636e-10
11.944634	1.039894e-10
12.004357	9.942478e-11
12.064379	9.506051e-11
12.124701	9.088784e-11
12.185324	8.689833e-11
12.246250	8.308386e-11
12.307482	7.943684e-11
12.369020	7.594996e-11
12.430864	7.261610e-11
12.493019	6.942858e-11
12.555484	6.638105e-11
12.618261	6.346717e-11
12.681353	6.068130e-11
12.744760	5.801766e-11
12.808483	5.547097e-11
12.872525	5.303603e-11
12.936888	5.070802e-11
13.001573	4.848217e-11
13.066581	4.635401e-11
13.131914	4.431927e-11
13.197574	4.237388e-11
13.263561	4.051387e-11
13.329879	3.873550e-11
13.396528	3.703520e-11
13.463511	3.540954e-11
13.530828	3.385521e-11
13.598483	3.236912e-11
13.666475	3.094827e-11
13.734808	2.958977e-11
13.803482	2.829091e-11
13.872499	2.704909e-11
13.941862	2.586175e-11
14.011572	2.472653e-11
14.081630	2.364115e-11
14.152038	2.260342e-11
14.222797	2.161124e-11
14.293911	2.066262e-11
14.365380	1.975562e-11
14.437207	1.888844e-11
14.509394	1.805933e-11
14.581941	1.726661e-11
14.654850	1.650868e-11
14.728125	1.578402e-11
14.801765	1.509119e-11
14.875774	1.442875e-11
14.950153	1.379540e-11
15.024904	1.318985e-11
15.100029	1.261087e-11
15.175529	1.205730e-11
15.251407	1.152805e-11
15.327663	1.102202e-11
15.404302	1.053821e-11
15.481323	1.007563e-11
15.558730	9.633355e-12
15.636524	9.210498e-12
15.714706	8.806201e-12
15.793280	8.419652e-12
15.872246	8.050070e-12
15.951607	7.696711e-12
16.031364	7.358863e-12
16.111521	7.035845e-12
16.192078	6.727005e-12
16.273039	6.431717e-12
16.354404	6.149395e-12
16.436176	5.879466e-12
16.518356	5.621388e-12
16.600948	5.374634e-12
16.683952	5.138713e-12
16.767372	4.913148e-12
16.851210	4.697485e-12
16.935465	4.491288e-12
17.020142	4.294143e-12
17.105242	4.105653e-12
17.190767	3.925433e-12
17.276722	3.753122e-12
17.363106	3.588377e-12
17.449921	3.430866e-12
17.537170	3.280266e-12
17.624857	3.136278e-12
17.712982	2.998608e-12
17.801548	2.866983e-12
17.890556	2.741135e-12
17.980009	2.620812e-12
18.069910	2.505769e-12
18.160259	2.395778e-12
18.251060	2.290615e-12
18.342316	2.190068e-12
18.434027	2.093935e-12
18.526197	2.002021e-12
18.618828	1.914141e-12
18.711922	1.830121e-12
18.805481	1.749786e-12
18.899508	1.672978e-12
18.994005	1.599543e-12
19.088976	1.529330e-12
19.184422	1.462199e-12
19.280344	1.398015e-12
19.376745	1.336650e-12
19.473629	1.277976e-12
19.570997	1.221880e-12
19.668852	1.168245e-12
19.767197	1.116965e-12
19.866034	1.067935e-12
19.965364	1.021056e-12
20.065191	9.762373e-13
20.165518	9.333847e-13
20.266346	8.924134e-13
20.367678	8.532401e-13
20.469517	8.157868e-13
20.571865	7.799775e-13
20.674725	7.457392e-13
20.778099	7.130053e-13
20.881990	6.817072e-13
20.986401	6.517838e-13
21.091333	6.231730e-13
21.196791	5.958185e-13
21.302774	5.696646e-13
21.409288	5.446593e-13
21.516335	5.207511e-13
21.623917	4.978929e-13
21.732037	4.760377e-13
21.840696	4.551416e-13
21.949900	4.351629e-13
22.059649	4.160614e-13
22.169947	3.977986e-13
22.280796	3.803370e-13
22.392200	3.636417e-13
22.504162	3.476796e-13
22.616682	3.324182e-13
22.729765	3.178266e-13
22.843414	3.038755e-13
22.957632	2.905366e-13
23.072420	2.777836e-13
23.187782	2.655902e-13
23.303720	2.539320e-13
23.420238	2.427857e-13
23.537340	2.321285e-13
23.655027	2.219391e-13
23.773302	2.121970e-13
23.892168	2.028826e-13
24.011629	1.939771e-13
24.131687	1.854624e-13
24.252346	1.773214e-13
24.373608	1.695378e-13
24.495476	1.620959e-13
24.617952	1.549807e-13
24.741041	1.481779e-13
24.864746	1.416735e-13
24.989069	1.354547e-13
25.114014	1.295089e-13
25.239584	1.238241e-13
25.365782	1.183889e-13
25.492611	1.131921e-13
25.620073	1.082235e-13
25.748173	1.034730e-13
25.876913	9.893105e-14
26.006298	9.458842e-14
26.136330	9.043647e-14
26.267012	8.646670e-14
26.398346	8.267121e-14
26.530338	7.904235e-14
26.662991	7.557273e-14
26.796305	7.225546e-14
26.930286	6.908383e-14
27.064938	6.605132e-14
27.200262	6.315201e-14
27.336264	6.037993e-14
27.472944	5.772956e-14
27.610310	5.519547e-14
27.748362	5.277263e-14
27.887104	5.045614e-14
28.026539	4.824138e-14
28.166672	4.612379e-14
28.307505	4.409922e-14
28.449041	4.216345e-14
28.591286	4.031269e-14
28.734241	3.854317e-14
28.877913	3.685129e-14
29.022303	3.523369e-14
29.167414	3.368712e-14
29.313251	3.220840e-14
29.459818	3.079461e-14
29.607117	2.944287e-14
29.755152	2.815047e-14
29.903927	2.691479e-14
30.053446	2.573336e-14
30.203712	2.460378e-14
30.354731	2.352380e-14
30.506504	2.249122e-14
30.659037	2.150397e-14
30.812332	2.056004e-14
30.966394	1.965755e-14
31.121227	1.879466e-14
31.276833	1.796967e-14
31.433216	1.718088e-14
31.590382	1.642674e-14
31.748333	1.570568e-14
31.907074	1.501627e-14
32.066608	1.435713e-14
32.226940	1.372693e-14
32.388073	1.312438e-14
32.550014	1.254828e-14
32.712765	1.199747e-14
32.876328	1.147084e-14
33.040710	1.096732e-14
33.205914	1.048591e-14
33.371944	1.002562e-14
33.538803	9.585546e-15
33.706497	9.164789e-15
33.875031	8.762492e-15
34.044407	8.377856e-15
34.214630	8.010108e-15
34.385704	7.658501e-15
34.557632	7.322325e-15
34.730419	7.000916e-15
34.904072	6.693610e-15
35.078590	6.399790e-15
35.253983	6.118872e-15
35.430252	5.850281e-15
35.607403	5.593483e-15
35.785439	5.347956e-15
35.964367	5.113203e-15
36.144188	4.888757e-15
36.324909	4.674167e-15
36.506535	4.468993e-15
36.689068	4.272824e-15
36.872513	4.085264e-15
37.056877	3.905942e-15
37.242161	3.734488e-15
37.428371	3.570563e-15
37.615513	3.413830e-15
37.803589	3.263984e-15
37.992607	3.120707e-15
38.182571	2.983725e-15
38.373486	2.852750e-15
38.565353	2.727525e-15
38.758179	2.607803e-15
38.951969	2.493333e-15
39.146729	2.383887e-15
39.342461	2.279246e-15
39.539173	2.179199e-15
39.736870	2.083542e-15
39.935555	1.992082e-15
40.135231	1.904642e-15
40.335907	1.821035e-15
40.537586	1.741102e-15
40.740273	1.664675e-15
40.943974	1.591605e-15
41.148693	1.521741e-15
41.354435	1.454942e-15
41.561207	1.391079e-15
41.769012	1.330017e-15
41.977856	1.271636e-15
42.187744	1.215817e-15
42.398682	1.162449e-15
42.610676	1.111423e-15
42.823730	1.062636e-15
43.037849	1.015991e-15
43.253040	9.713935e-16
43.469307	9.287535e-16
43.686653	8.879866e-16
43.905087	8.490077e-16
44.124611	8.117403e-16
44.345234	7.761085e-16
44.566959	7.420413e-16
44.789795	7.094686e-16
45.013744	6.783263e-16
45.238811	6.485517e-16
45.465004	6.200833e-16
45.692329	5.928645e-16
45.920792	5.668403e-16
46.150394	5.419590e-16
46.381145	5.181698e-16
46.613052	4.954245e-16
46.846119	4.736773e-16
47.080349	4.528853e-16
47.315750	4.330058e-16
47.552330	4.139986e-16
47.790092	3.958262e-16
48.029041	3.784515e-16
48.269188	3.618390e-16
48.510532	3.459561e-16
48.753086	3.307703e-16
48.996853	3.162509e-16
49.241837	3.023691e-16
49.488045	2.890965e-16
49.735485	2.764067e-16
49.984161	2.642738e-16
50.234081	2.526734e-16
50.485252	2.415821e-16
50.737679	2.309780e-16
50.991367	2.208391e-16
51.246323	2.111454e-16
51.502556	2.018771e-16
51.760067	1.930156e-16
52.018867	1.845432e-16
52.278961	1.764427e-16
52.540356	1.686978e-16
52.803059	1.612927e-16
53.067074	1.542128e-16
53.332409	1.474436e-16
53.599072	1.409716e-16
53.867065	1.347836e-16
54.136402	1.288672e-16
54.407085	1.232106e-16
54.679119	1.178024e-16
54.952515	1.126314e-16
55.227276	1.076874e-16
55.503410	1.029606e-16
55.780926	9.844114e-17
56.059830	9.412007e-17
56.340130	8.998870e-17
56.621830	8.603869e-17
56.904938	8.226205e-17
57.189461	7.865127e-17
57.475407	7.519889e-17
57.762783	7.189804e-17
58.051598	6.874211e-17
58.341854	6.572477e-17
58.633564	6.283981e-17
58.926731	6.008151e-17
59.221363	5.744428e-17
59.517471	5.492280e-17
59.815060	5.251201e-17
60.114136	5.020704e-17
60.414707	4.800326e-17
60.716782	4.589619e-17
61.020367	4.388166e-17
61.325470	4.195549e-17
61.632099	4.011394e-17
61.940258	3.835322e-17
62.249958	3.666978e-17
62.561207	3.506023e-17
62.874012	3.352134e-17
63.188381	3.205002e-17
63.504322	3.064328e-17
63.821842	2.929828e-17
64.140953	2.801231e-17
64.461655	2.678282e-17
64.783966	2.560728e-17
65.107887	2.448333e-17
65.433426	2.340875e-17
65.760590	2.238133e-17
66.089394	2.139900e-17
66.419838	2.045981e-17
66.751938	1.956185e-17
67.085701	1.870327e-17
67.421127	1.788244e-17
67.758232	1.709760e-17
68.097023	1.634723e-17
68.437508	1.562980e-17
68.779694	1.494388e-17
69.123589	1.428805e-17
69.469208	1.366101e-17
69.816551	1.306152e-17
70.165634	1.248833e-17
70.516464	1.194030e-17
70.869049	1.141634e-17
71.223396	1.091538e-17
71.579514	1.043642e-17
71.937408	9.978483e-18
72.297096	9.540658e-18
72.658585	9.122048e-18
73.021881	8.721819e-18
73.386993	8.339160e-18
73.753929	7.973308e-18
74.122696	7.623521e-18
74.493309	7.289096e-18
74.865776	6.969348e-18
75.240105	6.663646e-18
75.616302	6.371371e-18
75.994385	6.091927e-18
76.374359	5.824760e-18
76.756233	5.569316e-18
77.140015	5.325096e-18
77.525711	5.091606e-18
77.913338	4.868374e-18
78.302902	4.654943e-18
78.694420	4.450883e-18
79.087891	4.255794e-18
79.483330	4.069273e-18
79.880745	3.890943e-18
80.280151	3.720451e-18
80.681549	3.557451e-18
81.084953	3.401619e-18
81.490379	3.252627e-18
81.897835	3.110185e-18
82.307327	2.974004e-18
82.718864	2.843812e-18
83.132462	2.719339e-18
83.548126	2.600342e-18
83.965866	2.486579e-18
84.385696	2.377816e-18
84.807625	2.273841e-18
85.231667	2.174435e-18
85.657822	2.079408e-18
86.086113	1.988562e-18
86.516541	1.901711e-18
86.949120	1.818685e-18
87.383865	1.739317e-18
87.820786	1.663441e-18
88.259888	1.590910e-18
88.701187	1.521573e-18
89.144691	1.455294e-18
89.590416	1.391935e-18
90.038368	1.331370e-18
90.488564	1.273478e-18
90.941010	1.218140e-18
91.395714	1.165246e-18
91.852692	1.114688e-18
92.311958	1.066363e-18
92.773521	1.020175e-18
93.237389	9.760288e-19
93.703575	9.338370e-19
94.172096	8.935129e-19
94.642960	8.549750e-19
95.116173	8.181462e-19
95.591751	7.829504e-19
96.069710	7.493177e-19
96.550056	7.171789e-19
97.032806	6.864686e-19
97.517967	6.571258e-19
98.005554	6.290894e-19
98.495583	6.023035e-19
98.988060	5.767126e-19
99.483002	5.522653e-19
99.980415	5.289117e-19
100.480316	5.066042e-19
100.982719	4.852971e-19
101.487633	4.649473e-19
101.995071	4.455125e-19
102.505043	4.269536e-19
103.017570	4.092318e-19
103.532661	3.923111e-19
104.050323	3.761568e-19
104.570572	3.607355e-19
105.093422	3.460152e-19
105.618889	3.319655e-19
106.146980	3.185575e-19
106.677711	3.057630e-19
107.211098	2.935551e-19
107.747154	2.819087e-19
108.285889	2.707992e-19
108.827316	2.602033e-19
109.371452	2.500984e-19
109.918312	2.404632e-19
110.467903	2.312770e-19
111.020241	2.225205e-19
111.575340	2.141745e-19
112.133217	2.062210e-19
112.693886	1.986425e-19
113.257355	1.914227e-19
113.823639	1.845457e-19
114.392754	1.779958e-19
114.964714	1.717588e-19
115.539536	1.658203e-19
116.117233	1.601670e-19
116.697823	1.547857e-19
117.281311	1.496642e-19
117.867714	1.447904e-19
118.457054	1.401528e-19
119.049339	1.357404e-19
119.644585	1.315426e-19
120.242805	1.275492e-19
120.844017	1.237503e-19
121.448235	1.201367e-19
122.055473	1.166991e-19
122.665749	1.134291e-19
123.279076	1.103181e-19
123.895470	1.073583e-19
124.514946	1.045419e-19
125.137520	1.018616e-19
125.763206	9.931038e-20
126.392021	9.688138e-20
127.023979	9.456821e-20
127.659096	9.236469e-20
128.297394	9.026486e-20
128.938873	8.826314e-20
129.583572	8.635405e-20
130.231491	8.453256e-20
130.882645	8.279368e-20
131.537064	8.113282e-20
132.194748	7.954551e-20
132.855728	7.802757e-20
133.520004	7.657504e-20
134.187607	7.518411e-20
134.858551	7.385121e-20
135.532837	7.257293e-20
136.210495	7.134614e-20
136.891541	7.016775e-20
137.576004	6.903490e-20
138.263885	6.794495e-20
138.955200	6.689537e-20
139.649979	6.588375e-20
140.348236	6.490786e-20
141.049973	6.396561e-20
141.755219	6.305504e-20
142.463989	6.217426e-20
143.176315	6.132156e-20
143.892197	6.049530e-20
144.611664	5.969398e-20
145.334717	5.891615e-20
146.061386	5.816051e-20
146.791687	5.742578e-20
147.525650	5.671082e-20
148.263275	5.601452e-20
149.004593	5.533588e-20
149.749619	5.467396e-20
150.498367	5.402785e-20
151.250854	5.339673e-20
152.007111	5.277984e-20
152.767151	5.217645e-20
153.530991	5.158591e-20
154.298645	5.100756e-20
155.070145	5.044086e-20
155.845490	4.988523e-20
156.624710	4.934018e-20
157.407837	4.880522e-20
158.194870	4.827995e-20
158.985840	4.776389e-20
159.780762	4.725670e-20
160.579666	4.675802e-20
161.382568	4.626749e-20
162.189484	4.578482e-20
163.000427	4.530972e-20
163.815430	4.484188e-20
164.634506	4.438108e-20
165.457672	4.392708e-20
166.284958	4.347962e-20
167.116379	4.303853e-20
167.951965	4.260359e-20
168.791718	4.217459e-20
169.635681	4.175141e-20
170.483856	4.133385e-20
171.336273	4.092177e-20
172.192947	4.051502e-20
173.053909	4.011348e-20
173.919174	3.971698e-20
174.788773	3.932545e-20
175.662720	3.893873e-20
176.541031	3.855674e-20
177.423737	3.817937e-20
178.310852	3.780652e-20
179.202408	3.743809e-20
180.098419	3.707400e-20
180.998917	3.671419e-20
181.903915	3.635853e-20
182.813431	3.600700e-20
183.727493	3.565950e-20
184.646133	3.531594e-20
185.569366	3.497631e-20
186.497208	3.464048e-20
187.429688	3.430845e-20
188.366837	3.398010e-20
189.308670	3.365545e-20
190.255219	3.333438e-20
191.206497	3.301687e-20
192.162537	3.270285e-20
193.123352	3.239231e-20
194.088974	3.208517e-20
195.059418	3.178140e-20
196.034714	3.148093e-20
197.014893	3.118376e-20
197.999969	3.088984e-20
198.989975	3.059909e-20
199.984924	3.031152e-20
200.984848	3.002705e-20
201.989777	2.974570e-20
202.999725	2.946737e-20
204.014725	2.919207e-20
205.034805	2.891973e-20
206.059982	2.865038e-20
207.090286	2.838390e-20
208.125732	2.812035e-20
209.166367	2.785962e-20
210.212204	2.760172e-20
211.263260	2.734663e-20
212.319580	2.709427e-20
213.381180	2.684469e-20
214.448090	2.659780e-20
215.520325	2.635356e-20
216.597931	2.611200e-20
217.680923	2.587307e-20
218.769333	2.563672e-20
219.863174	2.540296e-20
220.962494	2.517174e-20
222.067307	2.494307e-20
223.177643	2.471688e-20
224.293533	2.449314e-20
225.415009	2.427188e-20
226.542084	2.405303e-20
227.674789	2.383659e-20
228.813156	2.362255e-20
229.957214	2.341084e-20
231.106995	2.320148e-20
232.262527	2.299442e-20
233.423843	2.278970e-20
234.590958	2.258721e-20
235.763916	2.238696e-20
236.942734	2.218897e-20
238.127441	2.199315e-20
239.318085	2.179953e-20
240.514679	2.160810e-20
241.717255	2.141881e-20
242.925842	2.123163e-20
244.140472	2.104659e-20
245.361176	2.086359e-20
246.587982	2.068271e-20
247.820923	2.050385e-20
249.060028	2.032703e-20
250.305328	2.015225e-20
251.556854	1.997944e-20
252.814636	1.980859e-20
254.078705	1.963972e-20
255.349106	1.947280e-20
256.625854	1.930781e-20
257.908997	1.914470e-20
259.198547	1.898350e-20
260.494537	1.882420e-20
261.796997	1.866673e-20
263.105988	1.851110e-20
264.421509	1.835728e-20
265.743622	1.820528e-20
267.072327	1.805511e-20
268.407684	1.790668e-20
269.749725	1.776002e-20
271.098480	1.761508e-20
272.453979	1.747190e-20
273.816254	1.733041e-20
275.185333	1.719065e-20
276.561249	1.705258e-20
277.944061	1.691616e-20
279.333771	1.678138e-20
280.730438	1.664825e-20
282.134094	1.651676e-20
283.544769	1.638687e-20
284.962494	1.625861e-20
286.387299	1.613189e-20
287.819244	1.600676e-20
289.258331	1.588319e-20
290.704620	1.576115e-20
292.158142	1.564066e-20
293.618927	1.552168e-20
295.087036	1.540418e-20
296.562469	1.528817e-20
298.045288	1.517367e-20
299.535522	1.506063e-20
301.033203	1.494903e-20
302.538361	1.483886e-20
304.051056	1.473009e-20
305.571320	1.462277e-20
307.099182	1.451688e-20
308.634674	1.441235e-20
310.177856	1.430916e-20
311.728760	1.420739e-20
313.287415	1.410693e-20
314.853851	1.400784e-20
316.428131	1.391006e-20
318.010284	1.381362e-20
319.600342	1.371845e-20
321.198334	1.362461e-20
322.804321	1.353204e-20
324.418335	1.344076e-20
326.040436	1.335069e-20
327.670624	1.326191e-20
329.308990	1.317435e-20
330.955536	1.308801e-20
332.610321	1.300294e-20
334.273376	1.291904e-20
335.944733	1.283629e-20
337.624451	1.275475e-20
339.312561	1.267441e-20
341.009125	1.259522e-20
342.714172	1.251721e-20
344.427734	1.244029e-20
346.149872	1.236453e-20
347.880615	1.228985e-20
349.620026	1.221631e-20
351.368134	1.214389e-20
353.124969	1.207254e-20
354.890594	1.200229e-20
356.665039	1.193309e-20
358.448364	1.186496e-20
360.240601	1.179786e-20
362.041809	1.173182e-20
363.852020	1.166684e-20
365.671295	1.160282e-20
367.499664	1.153985e-20
369.337158	1.147788e-20
371.183838	1.141686e-20
373.039764	1.135686e-20
374.904968	1.129785e-20
376.779480	1.123978e-20
378.663391	1.118266e-20
380.556702	1.112651e-20
382.459473	1.107127e-20
384.371765	1.101696e-20
386.293610	1.096360e-20
388.225067	1.091114e-20
390.166199	1.085958e-20
392.117035	1.080888e-20
394.077606	1.075905e-20
396.048004	1.071016e-20
398.028259	1.066210e-20
400.018402	1.061488e-20
402.018494	1.056857e-20
404.028595	1.052306e-20
406.048737	1.047836e-20
408.078979	1.043447e-20
410.119385	1.039147e-20
412.169983	1.034918e-20
414.230835	1.030773e-20
416.302002	1.026714e-20
418.383514	1.022720e-20
420.475433	1.018815e-20
422.577820	1.014977e-20
424.690704	1.011222e-20
426.814148	1.007536e-20
428.948212	1.003927e-20
431.092957	1.000397e-20
433.248413	9.969308e-21
435.414642	9.935375e-21
437.591705	9.902174e-21
439.779663	9.869643e-21
441.978546	9.837860e-21
444.188446	9.806759e-21
446.409393	9.776275e-21
448.641449	9.746488e-21
450.884644	9.717402e-21
453.139069	9.688952e-21
455.404755	9.661143e-21
457.681793	9.633982e-21
459.970215	9.607473e-21
462.270081	9.581548e-21
464.581421	9.556287e-21
466.904327	9.531620e-21
469.238861	9.507553e-21
471.585052	9.484089e-21
473.942963	9.461234e-21
476.312683	9.438991e-21
478.694244	9.417291e-21
481.087708	9.396138e-21
483.493134	9.375609e-21
485.910614	9.355635e-21
488.340179	9.336143e-21
490.781891	9.317287e-21
493.235809	9.298921e-21
495.701996	9.281122e-21
498.180511	9.263818e-21
500.671417	9.247088e-21
503.174774	9.230783e-21
505.690643	9.215058e-21
508.219086	9.199838e-21
510.760193	9.185128e-21
513.313965	9.170852e-21
515.880554	9.157167e-21
518.459961	9.143844e-21
521.052246	9.131115e-21
523.657532	9.118753e-21
526.275818	9.106912e-21
528.907227	9.095519e-21
531.551758	9.084573e-21
534.209534	9.074155e-21
536.880554	9.064112e-21
539.564941	9.054522e-21
542.262756	9.045309e-21
544.974060	9.036629e-21
547.698914	9.028329e-21
550.437378	9.020410e-21
553.189575	9.012950e-21
555.955505	9.005873e-21
558.735291	8.999258e-21
561.528992	8.993027e-21
564.336609	8.987182e-21
567.158264	8.981723e-21
569.994080	8.976651e-21
572.844055	8.971967e-21
575.708252	8.967671e-21
578.586792	8.963685e-21
581.479736	8.960167e-21
584.387146	8.956960e-21
587.309082	8.954144e-21
590.245605	8.951718e-21
593.196838	8.949604e-21
596.162842	8.947882e-21
599.143677	8.946472e-21
602.139404	8.945376e-21
605.150085	8.944671e-21
608.175842	8.944357e-21
611.216736	8.944279e-21
614.272827	8.944592e-21
617.344177	8.945219e-21
620.430908	8.946159e-21
623.533081	8.947490e-21
626.650757	8.949056e-21
629.783997	8.950935e-21
632.932922	8.953205e-21
636.097595	8.955709e-21
639.278076	8.958603e-21
642.474487	8.961731e-21
645.686890	8.965170e-21
648.915344	8.968921e-21
652.159912	8.972982e-21
655.420715	8.977354e-21
658.697815	8.981957e-21
661.991333	8.986870e-21
665.301270	8.992092e-21
668.627747	8.997623e-21
671.970886	9.003383e-21
675.330750	9.009451e-21
678.707397	9.015748e-21
682.100952	9.022429e-21
685.511475	9.029260e-21
688.939026	9.036474e-21
692.383728	9.043837e-21
695.845642	9.051581e-21
699.324890	9.059550e-21
702.821533	9.067744e-21
706.335632	9.076240e-21
709.867310	9.085036e-21
713.416626	9.094055e-21
716.983704	9.103295e-21
720.568604	9.112834e-21
724.171448	9.122594e-21
727.792297	9.132649e-21
731.431274	9.142924e-21
735.088440	9.153417e-21
738.763855	9.164203e-21
742.457703	9.175282e-21
746.169983	9.186501e-21
749.900818	9.198087e-21
753.650330	9.209810e-21
757.418579	9.221822e-21
761.205688	9.234046e-21
765.011719	9.246557e-21
768.836792	9.259279e-21
772.680969	9.272209e-21
776.544373	9.285424e-21
780.427124	9.298845e-21
784.329285	9.312548e-21
788.250916	9.326457e-21
792.192200	9.340570e-21
796.153137	9.354961e-21
800.133911	9.369554e-21
804.134583	9.384424e-21
808.155273	9.399493e-21
812.196045	9.414761e-21
816.257019	9.430302e-21
820.338318	9.446040e-21
824.440002	9.462048e-21
828.562195	9.478251e-21
832.705017	9.494721e-21
836.868530	9.511384e-21
841.052856	9.528238e-21
845.258118	9.545356e-21
849.484436	9.562737e-21
853.731873	9.580305e-21
858.000549	9.598060e-21
862.290527	9.616074e-21
866.601990	9.634345e-21
870.934998	9.652800e-21
875.289673	9.671508e-21
879.666138	9.690398e-21
884.064453	9.709539e-21
888.484802	9.728931e-21
892.927246	9.748500e-21
897.391907	9.768317e-21
901.878845	9.788308e-21
906.388245	9.808616e-21
910.920166	9.829096e-21
915.474792	9.849746e-21
920.052185	9.870708e-21
924.652466	9.891838e-21
929.275757	9.913206e-21
933.922119	9.934810e-21
938.591736	9.956649e-21
943.284668	9.978651e-21
948.001099	1.000095e-20
952.741089	1.002342e-20
957.504822	1.004618e-20
962.292358	1.006910e-20
967.103821	1.009224e-20
971.939331	1.011568e-20
976.799011	1.013927e-20
981.682983	1.016309e-20
986.591370	1.018719e-20
991.524353	1.021150e-20
996.481995	1.023597e-20
1001.464417	1.026072e-20
1006.471741	1.028575e-20
1011.504089	1.031092e-20
1016.561584	1.033637e-20
1021.644409	1.036203e-20
1026.752686	1.038796e-20
1031.886475	1.041403e-20
1037.045898	1.044044e-20
1042.231079	1.046698e-20
1047.442261	1.049379e-20
1052.679443	1.052086e-20
1057.942871	1.054813e-20
1063.232544	1.057566e-20
1068.548706	1.060339e-20
1073.891479	1.063143e-20
1079.260986	1.065960e-20
1084.657349	1.068809e-20
1090.080688	1.071676e-20
1095.531128	1.074569e-20
1101.008789	1.077486e-20
1106.513794	1.080428e-20
1112.046387	1.083394e-20
1117.606567	1.086384e-20
1123.194580	1.089391e-20
1128.810547	1.092429e-20
1134.454590	1.095491e-20
1140.126831	1.098576e-20
1145.827515	1.101690e-20
1151.556641	1.104821e-20
1157.314453	1.107981e-20
1163.101074	1.111163e-20
1168.916626	1.114375e-20
1174.761230	1.117602e-20
1180.635010	1.120863e-20
1186.538208	1.124146e-20
1192.470947	1.127451e-20
1198.433350	1.130789e-20
1204.425537	1.134143e-20
1210.447632	1.137529e-20
1216.499878	1.140937e-20
1222.582397	1.144370e-20
1228.695312	1.147830e-20
1234.838745	1.151317e-20
1241.012939	1.154829e-20
1247.218018	1.158367e-20
1253.454102	1.161930e-20
1259.721313	1.165524e-20
1266.019897	1.169138e-20
1272.349976	1.172782e-20
1278.711670	1.176450e-20
1285.105225	1.180143e-20
1291.530762	1.183865e-20
1297.988403	1.187611e-20
1304.478394	1.191387e-20
1311.000732	1.195192e-20
1317.555786	1.199020e-20
1324.143555	1.202876e-20
1330.764282	1.206761e-20
1337.418091	1.210673e-20
1344.105225	1.214614e-20
1350.825806	1.218576e-20
1357.579956	1.222571e-20
1364.367798	1.226594e-20
1371.189697	1.230643e-20
1378.045654	1.234724e-20
1384.935913	1.238825e-20
1391.860596	1.242964e-20
1398.819946	1.247123e-20
1405.814087	1.251318e-20
1412.843140	1.255538e-20
1419.907349	1.259784e-20
1427.006836	1.264064e-20
1434.141846	1.268369e-20
1441.312500	1.272704e-20
1448.519043	1.277073e-20
1455.761597	1.281465e-20
1463.040405	1.285892e-20
1470.355591	1.290341e-20
1477.707397	1.294830e-20
1485.095947	1.299340e-20
1492.521484	1.303883e-20
1499.984131	1.308459e-20
1507.484009	1.313061e-20
1515.021484	1.317695e-20
1522.596558	1.322361e-20
1530.209595	1.327058e-20
1537.860596	1.331785e-20
1545.549927	1.336543e-20
1553.277710	1.341331e-20
1561.044067	1.346149e-20
1568.849243	1.351002e-20
1576.693481	1.355883e-20
1584.576904	1.360799e-20
1592.499756	1.365743e-20
1600.462280	1.370721e-20
1608.464600	1.375731e-20
1616.506958	1.380774e-20
1624.589478	1.385849e-20
1632.712402	1.390956e-20
1640.875977	1.396100e-20
1649.080322	1.401269e-20
1657.325684	1.406475e-20
1665.612305	1.411716e-20
1673.940308	1.416986e-20
1682.310059	1.422292e-20
1690.721558	1.427632e-20
1699.175171	1.433006e-20
1707.671021	1.438408e-20
1716.209351	1.443853e-20
1724.790405	1.449326e-20
1733.414307	1.454836e-20
1742.081421	1.460379e-20
1750.791870	1.465957e-20
1759.545776	1.471567e-20
1768.343506	1.477218e-20
1777.185181	1.482898e-20
1786.071167	1.488619e-20
1795.001465	1.494369e-20
1803.976440	1.500157e-20
1812.996338	1.505984e-20
1822.061279	1.511844e-20
1831.171631	1.517741e-20
1840.327515	1.523676e-20
1849.529175	1.529642e-20
1858.776855	1.535649e-20
1868.070679	1.541691e-20
1877.411011	1.547769e-20
1886.798096	1.553887e-20
1896.232056	1.560038e-20
1905.713257	1.566228e-20
1915.241821	1.572456e-20
1924.817993	1.578722e-20
1934.442139	1.585029e-20
1944.114380	1.591369e-20
1953.834961	1.597749e-20
1963.604126	1.604169e-20
1973.422119	1.610625e-20
1983.289185	1.617119e-20
1993.205688	1.623653e-20
2003.171753	1.630229e-20
2013.187622	1.636843e-20
2023.253540	1.643494e-20
2033.369751	1.650186e-20
2043.536621	1.656915e-20
2053.754395	1.663688e-20
2064.023193	1.670501e-20
2074.343262	1.677353e-20
2084.715088	1.684248e-20
2095.138672	1.691181e-20
2105.614258	1.698156e-20
2116.142334	1.705168e-20
2126.723145	1.712224e-20
2137.356689	1.719326e-20
2148.043457	1.726463e-20
2158.783691	1.733647e-20
2169.577637	1.740871e-20
2180.425537	1.748136e-20
2191.327637	1.755443e-20
2202.284180	1.762796e-20
2213.295654	1.770189e-20
2224.362061	1.777627e-20
2235.483887	1.785104e-20
2246.661377	1.792628e-20
2257.894775	1.800194e-20
2269.184326	1.807806e-20
2280.530273	1.815460e-20
2291.932861	1.823159e-20
2303.392578	1.830905e-20
2314.909424	1.838692e-20
2326.483887	1.846525e-20
2338.116211	1.854400e-20
2349.806885	1.862325e-20
2361.555908	1.870292e-20
2373.363770	1.878306e-20
2385.230469	1.886369e-20
2397.156738	1.894475e-20
2409.142578	1.902627e-20
2421.188232	1.910825e-20
2433.294189	1.919072e-20
2445.460693	1.927364e-20
2457.687988	1.935703e-20
2469.976318	1.944090e-20
2482.326172	1.952523e-20
2494.737793	1.961005e-20
2507.211426	1.969537e-20
2519.747559	1.978113e-20
2532.346191	1.986740e-20
2545.007812	1.995418e-20
2557.732910	2.004142e-20
2570.521484	2.012915e-20
2583.374023	2.021737e-20
2596.290771	2.030610e-20
2609.272217	2.039534e-20
2622.318604	2.048504e-20
2635.430176	2.057528e-20
2648.607422	2.066600e-20
2661.850342	2.075724e-20
2675.159668	2.084898e-20
2688.535400	2.094126e-20
2701.978027	2.103403e-20
2715.488037	2.112733e-20
2729.065430	2.122114e-20
2742.710693	2.131545e-20
2756.424316	2.141034e-20
2770.206543	2.150571e-20
2784.057617	2.160161e-20
2797.977783	2.169808e-20
2811.967773	2.179506e-20
2826.027588	2.189257e-20
2840.157715	2.199060e-20
2854.358398	2.208922e-20
2868.630127	2.218834e-20
2882.973389	2.228803e-20
2897.388184	2.238827e-20
2911.875244	2.248906e-20
2926.434570	2.259040e-20
2941.066650	2.269231e-20
2955.771973	2.279477e-20
2970.550781	2.289778e-20
2985.403564	2.300137e-20
3000.330566	2.310553e-20
3015.332275	2.321024e-20
3030.408936	2.331553e-20
3045.561035	2.342140e-20
3060.788818	2.352784e-20
3076.092773	2.363486e-20
3091.473145	2.374249e-20
3106.930420	2.385067e-20
3122.465088	2.395946e-20
3138.077393	2.406885e-20
3153.767822	2.417881e-20
3169.536621	2.428939e-20
3185.384277	2.440054e-20
3201.311279	2.451233e-20
3217.317871	2.462469e-20
3233.404541	2.473768e-20
3249.571533	2.485127e-20
3265.819336	2.496551e-20
3282.148438	2.508034e-20
3298.559082	2.519578e-20
3315.051758	2.531184e-20
3331.626953	2.542855e-20
3348.285156	2.554587e-20
3365.026611	2.566384e-20
3381.851807	2.578243e-20
3398.760986	2.590165e-20
3415.754883	2.602153e-20
3432.833740	2.614204e-20
3449.997803	2.626322e-20
3467.247803	2.638502e-20
3484.583984	2.650750e-20
3502.006836	2.663062e-20
3519.516846	2.675439e-20
3537.114502	2.687883e-20
3554.800049	2.700395e-20
3572.573975	2.712973e-20
3590.436768	2.725619e-20
3608.388916	2.738329e-20
3626.430908	2.751111e-20
3644.562988	2.763960e-20
3662.785889	2.776875e-20
3681.099854	2.789862e-20
3699.505371	2.802916e-20
3718.002930	2.816041e-20
3736.593018	2.829234e-20
3755.275879	2.842499e-20
3774.052246	2.855835e-20
3792.922607	2.869241e-20
3811.887207	2.882716e-20
3830.946533	2.896263e-20
3850.101318	2.909885e-20
3869.351807	2.923577e-20
3888.698486	2.937342e-20
3908.142090	2.951177e-20
3927.682861	2.965088e-20
3947.321289	2.979072e-20
3967.057861	2.993129e-20
3986.893066	3.007263e-20
4006.827637	3.021469e-20
4026.861816	3.035750e-20
4046.996094	3.050107e-20
4067.230957	3.064540e-20
4087.567139	3.079049e-20
4108.004883	3.093634e-20
4128.544922	3.108296e-20
4149.187500	3.123035e-20
4169.933594	3.137851e-20
4190.783203	3.152745e-20
4211.737305	3.167717e-20
4232.795898	3.182768e-20
4253.959961	3.197898e-20
4275.229980	3.213109e-20
4296.605957	3.228397e-20
4318.088867	3.243765e-20
4339.679199	3.259216e-20
4361.377441	3.274747e-20
4383.184570	3.290359e-20
4405.100586	3.306053e-20
4427.125977	3.321828e-20
4449.261719	3.337687e-20
4471.507812	3.353626e-20
4493.865234	3.369652e-20
4516.334473	3.385759e-20
4538.916016	3.401951e-20
4561.610352	3.418227e-20
4584.418457	3.434588e-20
4607.340332	3.451036e-20
4630.376953	3.467567e-20
4653.528809	3.484185e-20
4676.796387	3.500890e-20
4700.180176	3.517683e-20
4723.681152	3.534561e-20
4747.299316	3.551528e-20
4771.035645	3.568584e-20
4794.890625	3.585728e-20
4818.865234	3.602960e-20
4842.959473	3.620284e-20
4867.174316	3.637695e-20
4891.510254	3.655200e-20
4915.967773	3.672792e-20
4940.547852	3.690478e-20
4965.250488	3.708255e-20
4990.076660	3.726121e-20
5015.026855	3.744083e-20
5040.102051	3.762137e-20
5065.302734	3.780285e-20
5090.629395	3.798527e-20
5116.082520	3.816863e-20
5141.663086	3.835295e-20
5167.371582	3.853820e-20
5193.208496	3.872443e-20
5219.174316	3.891160e-20
5245.270020	3.909974e-20
5271.496582	3.928888e-20
5297.854004	3.947896e-20
5324.343262	3.967003e-20
5350.964844	3.986210e-20
5377.719727	4.005515e-20
5404.608398	4.024921e-20
5431.631348	4.044425e-20
5458.789551	4.064031e-20
5486.083496	4.083737e-20
5513.513672	4.103545e-20
5541.081055	4.123455e-20
5568.786621	4.143467e-20
5596.630371	4.163583e-20
5624.613281	4.183801e-20
5652.736328	4.204124e-20
5681.000000	4.224552e-20
5709.404785	4.245084e-20
5737.951660	4.265721e-20
5766.641602	4.286465e-20
5795.474609	4.307316e-20
5824.452148	4.328274e-20
5853.574219	4.349338e-20
5882.842285	4.370513e-20
5912.256348	4.391794e-20
5941.817871	4.413185e-20
5971.526855	4.434686e-20
6001.384277	4.456296e-20
6031.391113	4.478019e-20
6061.547852	4.499852e-20
6091.855469	4.521796e-20
6122.314941	4.543854e-20
6152.926758	4.566024e-20
6183.691406	4.588309e-20
6214.609863	4.610706e-20
6245.683105	4.633219e-20
6276.911621	4.655847e-20
6308.296387	4.678590e-20
6339.837891	4.701450e-20
6371.537109	4.724426e-20
6403.395020	4.747522e-20
6435.412109	4.770734e-20
6467.589355	4.794065e-20
6499.927246	4.817514e-20
6532.426758	4.841085e-20
6565.088867	4.864775e-20
6597.914551	4.888586e-20
6630.904297	4.912519e-20
6664.058594	4.936573e-20
6697.378906	4.960752e-20
6730.865723	4.985053e-20
6764.520020	5.009477e-20
6798.342773	5.034027e-20
6832.334473	5.058701e-20
6866.496094	5.083502e-20
6900.828613	5.108429e-20
6935.332520	5.133483e-20
6970.009277	5.158665e-20
7004.859375	5.183974e-20
7039.883789	5.209414e-20
7075.083008	5.234981e-20
7110.458496	5.260679e-20
7146.010742	5.286509e-20
7181.740723	5.312470e-20
7217.649414	5.338563e-20
7253.737793	5.364789e-20
7290.006348	5.391148e-20
7326.456543	5.417642e-20
7363.088867	5.444269e-20
7399.904297	5.471033e-20
7436.903809	5.497932e-20
7474.088379	5.524968e-20
7511.458984	5.552141e-20
7549.016113	5.579452e-20
7586.761230	5.606903e-20
7624.694824	5.634492e-20
7662.818359	5.662222e-20
7701.132324	5.690093e-20
7739.638184	5.718105e-20
7778.336426	5.746259e-20
7817.228027	5.774557e-20
7856.313965	5.802997e-20
7895.595703	5.831583e-20
7935.073730	5.860314e-20
7974.749023	5.889189e-20
8014.622559	5.918211e-20
8054.695801	5.947381e-20
8094.969238	5.976698e-20
8135.443848	6.006165e-20
8176.121094	6.035781e-20
8217.001953	6.065546e-20
8258.086914	6.095463e-20
8299.376953	6.125530e-20
8340.874023	6.155751e-20
8382.578125	6.186124e-20
8424.491211	6.216652e-20
8466.613281	6.247335e-20
8508.946289	6.278171e-20
8551.491211	6.309165e-20
8594.249023	6.340316e-20
8637.220703	6.371625e-20
8680.407227	6.403092e-20
8723.809570	6.434718e-20
8767.428711	6.466504e-20
8811.265625	6.498450e-20
8855.322266	6.530560e-20
8899.598633	6.562830e-20
8944.096680	6.595264e-20
8988.817383	6.627863e-20
9033.761719	6.660626e-20
9078.930664	6.693555e-20
9124.325195	6.726650e-20
9169.947266	6.759912e-20
9215.796875	6.793343e-20
9261.875977	6.826943e-20
9308.185547	6.860713e-20
9354.726562	6.894653e-20
9401.500000	6.928764e-20
9448.507812	6.963048e-20
9495.750000	6.997504e-20
9543.228516	7.032136e-20
9590.944336	7.066941e-20
9638.899414	7.101924e-20
9687.093750	7.137082e-20
9735.529297	7.172417e-20
9784.207031	7.207932e-20
9833.127930	7.243626e-20
9882.293945	7.279500e-20
9931.705078	7.315556e-20
9981.363281	7.351792e-20
