# SMOOTHED!!  noise power spectrum for VIRGO detector
# (spikes in original noise power spectrum are commented # out)
# data format:  f (Hz)  sqrt(P(f)) (strain/rHz)
#
0.0 0.0952
0.1012 0.0952
0.1023 0.08103
0.1035 0.06896
0.1047 0.0587
0.1059 0.04996
0.1072 0.04252
0.1084 0.03619
0.1096 0.03081
0.1109 0.02622
0.1122 0.02232
0.1135 0.01899
0.1148 0.01617
0.1161 0.01376
0.1175 0.01171
0.1189 0.00997
0.1202 0.00848
0.1216 0.00722
0.123 0.00615
0.1245 0.00523
0.1259 0.00445
0.1274 0.00379
0.1288 0.00323
0.1303 0.00275
0.1318 0.00234
0.1334 0.00199
0.1349 0.00169
0.1365 0.00144
0.138 0.00123
0.1396 0.00104
0.1413 8.884e-4
0.1429 7.562e-4
0.1445 6.436e-4
0.1462 5.478e-4
0.1479 4.663e-4
0.1496 3.969e-4
0.1514 3.378e-4
0.1531 2.875e-4
0.1549 2.447e-4
0.1567 2.083e-4
0.1585 1.773e-4
0.1603 1.509e-4
0.1622 1.284e-4
0.1641 1.093e-4
0.166 9.303e-5
0.1679 7.918e-5
0.1698 6.74e-5
0.1718 5.736e-5
0.1738 4.882e-5
0.1758 4.156e-5
0.1778 3.537e-5
0.1799 3.01e-5
0.182 2.562e-5
0.1841 2.181e-5
0.1862 1.856e-5
0.1884 1.58e-5
0.1905 1.345e-5
0.1928 1.145e-5
0.195 9.742e-6
0.1972 8.291e-6
0.1995 7.057e-6
0.2018 6.007e-6
0.2042 5.112e-6
0.2065 4.351e-6
0.2089 3.704e-6
0.2113 3.152e-6
0.2138 2.683e-6
0.2163 2.284e-6
0.2188 1.944e-6
0.2213 1.654e-6
0.2239 1.408e-6
0.2265 1.198e-6
0.2291 1.02e-6
0.2317 8.682e-7
0.2344 7.39e-7
0.2371 6.29e-7
0.2399 5.353e-7
0.2427 4.556e-7
0.2455 3.878e-7
0.2483 3.301e-7
0.2512 2.809e-7
0.2541 2.391e-7
0.257 2.035e-7
0.26 1.732e-7
0.263 1.474e-7
0.2661 1.255e-7
0.2692 1.068e-7
0.2723 9.091e-8
0.2754 7.738e-8
0.2786 6.586e-8
0.2818 5.606e-8
0.2851 4.771e-8
0.2884 4.061e-8
0.2917 3.456e-8
0.2951 2.942e-8
0.2985 2.504e-8
0.302 2.131e-8
0.3055 1.814e-8
0.309 1.544e-8
0.3126 1.314e-8
0.3162 1.118e-8
0.3199 9.52e-9
0.3236 8.103e-9
0.3273 6.896e-9
0.3311 5.87e-9
0.335 4.996e-9
0.3388 4.252e-9
0.3428 3.619e-9
0.3467 3.081e-9
0.3508 2.622e-9
0.3548 2.232e-9
0.3589 1.899e-9
0.3631 1.617e-9
0.3673 1.376e-9
0.3715 1.171e-9
0.3758 9.968e-10
0.3802 8.485e-10
0.3846 7.222e-10
0.389 6.147e-10
0.3936 5.232e-10
0.3981 4.453e-10
0.4027 3.79e-10
0.4074 3.226e-10
0.4121 2.746e-10
0.4169 2.337e-10
0.4217 1.989e-10
0.4266 1.693e-10
0.4315 1.441e-10
0.4365 1.226e-10
0.4416 1.044e-10
0.4467 8.884e-11
0.4519 7.562e-11
0.4571 6.436e-11
0.4624 5.478e-11
0.4677 4.663e-11
0.4732 3.969e-11
0.4786 3.378e-11
0.4842 2.875e-11
0.4898 2.447e-11
0.4955 2.083e-11
0.5012 1.773e-11
0.507 1.509e-11
0.5129 1.284e-11
0.5188 1.093e-11
0.5248 9.303e-12
0.5309 7.918e-12
0.537 6.74e-12
0.5433 5.736e-12
0.5495 4.882e-12
0.5559 4.156e-12
0.5623 3.537e-12
0.5689 3.01e-12
0.5754 2.562e-12
0.5821 2.181e-12
0.5888 1.856e-12
0.5957 2.073e-12
0.6026 1.345e-12
0.6095 1.145e-12
0.6166 9.742e-13
0.6237 8.291e-13
0.631 7.057e-13
0.6383 6.007e-13
0.6457 5.112e-13
0.6531 4.351e-13
0.6607 3.704e-13
0.6683 3.152e-13
0.6761 2.683e-13
0.6839 2.284e-13
0.6918 1.944e-13
0.6998 1.654e-13
0.7079 1.408e-13
0.7161 1.198e-13
0.7244 1.02e-13
0.7328 8.682e-14
0.7413 7.39e-14
0.7499 6.29e-14
0.7586 5.353e-14
0.7674 4.556e-14
0.7762 3.878e-14
0.7852 3.301e-14
0.7943 2.809e-14
0.8035 2.391e-14
0.8128 2.035e-14
0.8222 1.732e-14
0.8318 1.474e-14
0.8414 1.255e-14
0.8511 1.068e-14
0.861 9.091e-15
0.871 7.738e-15
0.881 6.586e-15
0.8913 5.606e-15
0.9016 4.771e-15
0.912 4.061e-15
0.9226 3.456e-15
0.9333 2.942e-15
0.9441 2.504e-15
0.955 2.131e-15
0.9661 1.814e-15
0.9772 1.544e-15
0.9886 1.314e-15
1 1.118e-15
1.012 9.52e-16
1.023 8.103e-16
1.035 6.897e-16
1.047 5.87e-16
1.059 4.996e-16
1.072 4.252e-16
1.084 3.619e-16
1.096 3.081e-16
1.109 2.622e-16
1.122 2.232e-16
1.135 1.899e-16
1.148 1.617e-16
1.161 1.376e-16
1.175 1.171e-16
1.189 9.969e-17
1.202 8.485e-17
1.216 7.222e-17
1.23 6.147e-17
1.245 5.232e-17
1.259 4.453e-17
1.274 3.791e-17
1.288 3.227e-17
1.303 2.746e-17
1.318 2.338e-17
1.334 1.99e-17
1.349 1.694e-17
1.365 1.442e-17
1.38 1.228e-17
1.396 1.045e-17
1.413 8.901e-18
1.429 7.58e-18
1.445 6.456e-18
1.462 5.5e-18
1.479 4.687e-18
1.496 3.995e-18
1.514 3.407e-18
1.531 2.907e-18
1.549 2.482e-18
1.567 2.121e-18
1.585 1.815e-18
1.603 1.555e-18
1.622 1.335e-18
1.641 1.149e-18
1.66 9.91e-19
1.679 8.581e-19
1.698 7.461e-19
1.718 6.52e-19
1.738 5.731e-19
1.758 5.071e-19
1.778 4.52e-19
1.799 4.061e-19
1.82 3.679e-19
1.841 3.361e-19
1.862 3.096e-19
1.884 2.874e-19
1.905 2.686e-19
1.928 2.527e-19
1.95 2.391e-19
1.972 2.273e-19
1.995 2.169e-19
2.018 2.077e-19
2.042 1.994e-19
2.065 1.918e-19
2.089 1.848e-19
2.113 1.784e-19
2.138 1.723e-19
2.163 1.666e-19
2.188 1.612e-19
2.213 1.56e-19
2.239 1.511e-19
2.265 1.464e-19
2.291 1.419e-19
2.317 1.375e-19
2.344 1.333e-19
2.371 1.293e-19
2.399 1.254e-19
2.427 1.216e-19
2.455 1.179e-19
2.483 1.144e-19
2.512 1.11e-19
2.541 1.077e-19
2.57 1.045e-19
2.6 1.013e-19
2.63 9.833e-20
2.661 9.541e-20
2.692 9.258e-20
2.723 8.984e-20
2.754 8.719e-20
2.786 8.461e-20
2.818 8.212e-20
2.851 7.97e-20
2.884 7.735e-20
2.917 7.507e-20
2.951 7.287e-20
2.985 7.073e-20
3.02 6.865e-20
3.055 6.664e-20
3.09 6.469e-20
3.126 6.28e-20
3.162 6.096e-20
3.199 5.918e-20
3.236 5.746e-20
3.273 5.578e-20
3.311 5.415e-20
3.35 5.258e-20
3.388 5.105e-20
3.428 4.956e-20
3.467 4.812e-20
3.508 4.673e-20
3.548 4.537e-20
3.589 4.406e-20
3.631 4.278e-20
3.673 4.154e-20
3.715 4.034e-20
3.758 3.917e-20
3.802 3.804e-20
3.846 3.694e-20
3.89 3.588e-20
3.936 3.484e-20
3.981 3.384e-20
4.027 3.286e-20
4.074 3.192e-20
4.121 3.1e-20
4.169 3.011e-20
4.217 2.924e-20
4.266 2.841e-20
4.315 2.759e-20
4.365 2.68e-20
4.416 2.603e-20
4.467 2.529e-20
4.519 2.457e-20
4.571 2.387e-20
4.624 2.318e-20
4.677 2.252e-20
4.732 2.188e-20
4.786 2.126e-20
4.842 2.066e-20
4.898 2.007e-20
4.955 1.951e-20
5.012 1.896e-20
5.07 1.842e-20
5.129 1.791e-20
5.188 1.741e-20
5.248 1.692e-20
5.309 1.645e-20
5.37 1.6e-20
5.433 1.556e-20
5.495 1.514e-20
5.559 1.474e-20
5.623 1.435e-20
5.689 1.397e-20
5.754 1.362e-20
5.821 1.328e-20
5.888 1.297e-20
5.957 1.268e-20
#6.026 1.243e-20
#6.095 1.222e-20
#6.166 1.206e-20
#6.237 1.199e-20
#6.31 1.206e-20
#6.383 1.239e-20
#6.457 1.323e-20
#6.531 1.534e-20
#6.607 2.168e-20
#6.683 2.06e-19
#6.761 4.707e-20
#6.839 1.958e-20
#6.918 1.497e-20
#6.998 1.592e-20
#7.079 1.326e-19
#7.161 3.819e-20
#7.244 1.445e-20
#7.328 1.049e-20
#7.413 8.964e-21
#7.499 8.136e-21
#7.586 7.587e-21
#7.674 7.177e-21
#7.762 6.844e-21
7.852 6.56e-21
7.943 6.309e-21
8.035 6.082e-21
8.128 5.872e-21
8.222 5.676e-21
8.318 5.492e-21
8.414 5.318e-21
8.511 5.151e-21
8.61 4.993e-21
8.71 4.841e-21
8.81 4.695e-21
8.913 4.554e-21
9.016 4.419e-21
9.12 4.288e-21
9.226 4.162e-21
9.333 4.04e-21
9.441 3.922e-21
9.55 3.808e-21
9.661 3.697e-21
9.772 3.59e-21
9.886 3.487e-21
10 3.386e-21
10.12 3.289e-21
10.23 3.194e-21
10.35 3.103e-21
10.47 3.014e-21
10.59 2.928e-21
10.72 2.844e-21
10.84 2.763e-21
10.96 2.684e-21
11.09 2.608e-21
11.22 2.534e-21
11.35 2.462e-21
11.48 2.392e-21
11.61 2.324e-21
11.75 2.258e-21
11.89 2.194e-21
12.02 2.132e-21
12.16 2.071e-21
12.3 2.013e-21
12.45 1.956e-21
12.59 1.901e-21
12.74 1.847e-21
12.88 1.795e-21
13.03 1.744e-21
13.18 1.695e-21
13.34 1.648e-21
13.49 1.601e-21
13.65 1.556e-21
13.8 1.512e-21
13.96 1.47e-21
14.13 1.429e-21
14.29 1.389e-21
14.45 1.35e-21
14.62 1.312e-21
14.79 1.275e-21
14.96 1.24e-21
15.14 1.205e-21
15.31 1.171e-21
15.49 1.139e-21
15.67 1.107e-21
15.85 1.076e-21
16.03 1.046e-21
16.22 1.017e-21
16.41 9.889e-22
16.6 9.615e-22
16.79 9.348e-22
16.98 9.089e-22
17.18 8.838e-22
17.38 8.594e-22
17.58 8.357e-22
17.78 8.126e-22
17.99 7.903e-22
18.2 7.686e-22
18.41 7.475e-22
18.62 7.27e-22
18.84 7.071e-22
19.05 6.877e-22
19.28 6.69e-22
19.5 6.508e-22
19.72 6.331e-22
19.95 6.159e-22
20.18 5.992e-22
20.42 5.83e-22
20.65 5.672e-22
20.89 5.52e-22
21.13 5.371e-22
21.38 5.227e-22
21.63 5.087e-22
21.88 4.951e-22
22.13 4.82e-22
22.39 4.692e-22
22.65 4.567e-22
22.91 4.447e-22
23.17 4.33e-22
23.44 4.216e-22
23.71 4.106e-22
23.99 3.999e-22
24.27 3.895e-22
24.55 3.794e-22
24.83 3.696e-22
25.12 3.601e-22
25.41 3.509e-22
25.7 3.419e-22
26 3.332e-22
26.3 3.248e-22
26.61 3.166e-22
26.92 3.087e-22
27.23 3.01e-22
27.54 2.936e-22
27.86 2.863e-22
28.18 2.793e-22
28.51 2.725e-22
28.84 2.659e-22
29.17 2.595e-22
29.51 2.533e-22
29.85 2.473e-22
30.2 2.415e-22
30.55 2.358e-22
30.9 2.303e-22
31.26 2.25e-22
31.62 2.199e-22
31.99 2.149e-22
32.36 2.101e-22
32.73 2.054e-22
33.11 2.008e-22
33.5 1.964e-22
33.88 1.922e-22
34.28 1.88e-22
34.67 1.84e-22
35.08 1.802e-22
35.48 1.764e-22
35.89 1.728e-22
36.31 1.693e-22
36.73 1.659e-22
37.15 1.626e-22
37.58 1.594e-22
38.02 1.563e-22
38.46 1.533e-22
38.9 1.504e-22
39.36 1.476e-22
39.81 1.449e-22
40.27 1.422e-22
40.74 1.397e-22
41.21 1.372e-22
41.69 1.348e-22
42.17 1.325e-22
42.66 1.303e-22
43.15 1.281e-22
43.65 1.26e-22
44.16 1.24e-22
44.67 1.22e-22
45.19 1.201e-22
45.71 1.183e-22
46.24 1.165e-22
46.77 1.148e-22
47.32 1.131e-22
47.86 1.115e-22
48.42 1.099e-22
48.98 1.084e-22
49.55 1.069e-22
50.12 1.055e-22
50.7 1.041e-22
51.29 1.028e-22
51.88 1.015e-22
52.48 1.002e-22
53.09 9.898e-23
53.7 9.78e-23
54.33 9.664e-23
54.95 9.552e-23
55.59 9.444e-23
56.23 9.338e-23
56.89 9.236e-23
57.54 9.136e-23
58.21 9.039e-23
58.88 8.945e-23
59.57 8.853e-23
60.26 8.764e-23
60.95 8.678e-23
61.66 8.593e-23
62.37 8.511e-23
63.1 8.431e-23
63.83 8.353e-23
64.57 8.276e-23
65.31 8.202e-23
66.07 8.13e-23
66.83 8.059e-23
67.61 7.99e-23
68.39 7.923e-23
69.18 7.857e-23
69.98 7.792e-23
70.79 7.729e-23
71.61 7.668e-23
72.44 7.608e-23
73.28 7.549e-23
74.13 7.491e-23
74.99 7.434e-23
75.86 7.379e-23
76.74 7.324e-23
77.62 7.271e-23
78.52 7.219e-23
79.43 7.167e-23
80.35 7.117e-23
81.28 7.068e-23
82.22 7.019e-23
83.18 6.971e-23
84.14 6.924e-23
85.11 6.878e-23
86.1 6.833e-23
87.1 6.788e-23
88.1 6.744e-23
89.13 6.701e-23
90.16 6.658e-23
91.2 6.616e-23
92.26 6.574e-23
93.33 6.534e-23
94.41 6.493e-23
95.5 6.454e-23
96.61 6.415e-23
97.72 6.376e-23
98.86 6.338e-23
100 6.3e-23
101.2 6.263e-23
102.3 6.226e-23
103.5 6.19e-23
104.7 6.154e-23
105.9 6.119e-23
107.2 6.084e-23
108.4 6.05e-23
109.6 6.015e-23
110.9 5.982e-23
112.2 5.948e-23
113.5 5.915e-23
114.8 5.883e-23
116.1 5.85e-23
117.5 5.819e-23
118.9 5.787e-23
120.2 5.756e-23
121.6 5.725e-23
123 5.694e-23
124.5 5.664e-23
125.9 5.634e-23
127.4 5.604e-23
128.8 5.574e-23
130.3 5.545e-23
131.8 5.516e-23
133.4 5.488e-23
134.9 5.46e-23
136.5 5.431e-23
138 5.404e-23
139.6 5.376e-23
141.3 5.349e-23
142.9 5.322e-23
144.5 5.295e-23
146.2 5.269e-23
147.9 5.242e-23
149.6 5.216e-23
151.4 5.191e-23
153.1 5.165e-23
154.9 5.14e-23
156.7 5.115e-23
158.5 5.09e-23
160.3 5.065e-23
162.2 5.041e-23
164.1 5.017e-23
166 4.993e-23
167.9 4.969e-23
169.8 4.946e-23
171.8 4.922e-23
173.8 4.899e-23
175.8 4.876e-23
177.8 4.854e-23
179.9 4.832e-23
182 4.809e-23
184.1 4.787e-23
186.2 4.766e-23
188.4 4.744e-23
190.5 4.723e-23
192.8 4.702e-23
195 4.681e-23
197.2 4.66e-23
199.5 4.64e-23
201.8 4.62e-23
204.2 4.6e-23
206.5 4.58e-23
208.9 4.561e-23
211.3 4.541e-23
213.8 4.522e-23
216.3 4.503e-23
218.8 4.485e-23
221.3 4.466e-23
223.9 4.448e-23
226.5 4.43e-23
229.1 4.413e-23
231.7 4.396e-23
234.4 4.379e-23
237.1 4.362e-23
239.9 4.345e-23
242.7 4.329e-23
245.5 4.313e-23
248.3 4.298e-23
251.2 4.283e-23
254.1 4.268e-23
257 4.254e-23
260 4.241e-23
263 4.228e-23
266.1 4.216e-23
269.2 4.205e-23
272.3 4.195e-23
275.4 4.187e-23
278.6 4.18e-23
281.8 4.178e-23
285.1 4.18e-23
#288.4 4.19e-23
#291.7 4.214e-23
#295.1 4.267e-23
#298.5 4.392e-23
#302 4.752e-23
#305.5 8.742e-20
#309 3.881e-22
#312.6 5.694e-23
#316.2 4.704e-23
#319.9 4.745e-23
#323.6 1.401e-19
#327.3 5.051e-22
#331.1 5.473e-23
#335 4.399e-23
#338.8 4.14e-23
#342.8 4.035e-23
346.7 3.978e-23
350.8 3.943e-23
354.8 3.917e-23
358.9 3.897e-23
363.1 3.881e-23
367.3 3.867e-23
371.5 3.854e-23
375.8 3.843e-23
380.2 3.833e-23
384.6 3.823e-23
389 3.814e-23
393.6 3.806e-23
398.1 3.798e-23
402.7 3.791e-23
407.4 3.784e-23
412.1 3.778e-23
416.9 3.772e-23
421.7 3.766e-23
426.6 3.761e-23
431.5 3.756e-23
436.5 3.752e-23
441.6 3.747e-23
446.7 3.744e-23
451.9 3.74e-23
457.1 3.737e-23
462.4 3.734e-23
467.7 3.732e-23
473.2 3.73e-23
478.6 3.728e-23
484.2 3.727e-23
489.8 3.726e-23
495.5 3.726e-23
501.2 3.726e-23
507 3.726e-23
512.9 3.726e-23
518.8 3.728e-23
524.8 3.729e-23
530.9 3.731e-23
537 3.733e-23
543.3 3.736e-23
549.5 3.739e-23
555.9 3.743e-23
562.3 3.747e-23
568.9 3.751e-23
575.4 3.757e-23
582.1 3.763e-23
588.8 3.77e-23
#595.7 3.78e-23
#602.6 3.796e-23
#609.5 3.85e-23
#616.6 1.604e-20
#623.7 3.89e-23
631 3.834e-23
638.3 3.84e-23
#645.7 3.889e-23
#653.1 2.383e-20
#660.7 3.938e-23
668.3 3.875e-23
676.1 3.874e-23
683.9 3.881e-23
691.8 3.891e-23
699.8 3.903e-23
707.9 3.915e-23
716.1 3.928e-23
724.4 3.942e-23
732.8 3.956e-23
741.3 3.971e-23
749.9 3.986e-23
758.6 4.002e-23
767.4 4.019e-23
776.2 4.036e-23
785.2 4.054e-23
794.3 4.072e-23
803.5 4.091e-23
812.8 4.11e-23
822.2 4.13e-23
831.8 4.151e-23
841.4 4.172e-23
851.1 4.194e-23
861 4.216e-23
871 4.239e-23
881 4.262e-23
891.3 4.287e-23
#901.6 4.312e-23
#912 4.341e-23
#922.6 6.047e-21
933.3 4.405e-23
944.1 4.418e-23
955 4.445e-23
966.1 4.476e-23
#977.2 8.741e-21
988.6 4.548e-23
1000 4.563e-23
1012 4.592e-23
1023 4.623e-23
1035 4.655e-23
1047 4.688e-23
1059 4.721e-23
1072 4.755e-23
1084 4.79e-23
1096 4.826e-23
1109 4.862e-23
1122 4.899e-23
1135 4.937e-23
1148 4.975e-23
1161 5.014e-23
1175 5.054e-23
1189 5.095e-23
1202 5.136e-23
1216 5.179e-23
#1230 3.024e-21
1245 5.267e-23
1259 5.309e-23
1274 5.354e-23
1288 5.4e-23
#1303 4.349e-21
1318 5.496e-23
1334 5.542e-23
1349 5.59e-23
1365 5.64e-23
1380 5.69e-23
1396 5.741e-23
1413 5.793e-23
1429 5.846e-23
1445 5.9e-23
1462 5.954e-23
1479 6.01e-23
1496 6.066e-23
1514 6.123e-23
#1531 1.763e-21
1549 6.243e-23
1567 6.299e-23
1585 6.36e-23
1603 6.421e-23
#1622 2.541e-21
1641 6.552e-23
1660 6.611e-23
1679 6.676e-23
1698 6.742e-23
1718 6.809e-23
1738 6.877e-23
1758 6.945e-23
1778 7.015e-23
1799 7.086e-23
1820 7.158e-23
#1841 1.134e-21
1862 7.304e-23
1884 7.379e-23
1905 7.454e-23
1928 7.531e-23
#1950 1.64e-21
1972 7.688e-23
1995 7.768e-23
2018 7.848e-23
2042 7.93e-23
2065 8.013e-23
2089 8.098e-23
2113 8.183e-23
#2138 7.819e-22
2163 8.363e-23
2188 8.446e-23
2213 8.535e-23
2239 8.626e-23
#2265 1.134e-21
2291 8.825e-23
2317 8.906e-23
2344 9.002e-23
2371 9.099e-23
2399 9.197e-23
2427 9.297e-23
#2455 5.689e-22
2483 9.499e-23
2512 9.603e-23
2541 9.707e-23
2570 9.813e-23
#2600 8.258e-22
2630 1.003e-22
2661 1.014e-22
2692 1.025e-22
2723 1.036e-22
#2754 4.334e-22
2786 1.059e-22
2818 1.071e-22
2851 1.083e-22
2884 1.095e-22
#2917 6.268e-22
2951 1.119e-22
2985 1.132e-22
3020 1.144e-22
#3055 3.447e-22
3090 1.17e-22
3126 1.183e-22
3162 1.196e-22
3199 1.209e-22
#3236 4.935e-22
3273 1.237e-22
3311 1.25e-22
3350 1.264e-22
#3388 2.87e-22
3428 1.293e-22
3467 1.308e-22
3508 1.322e-22
3548 1.337e-22
#3589 4.029e-22
3631 1.367e-22
#3673 2.493e-22
3715 1.399e-22
3758 1.414e-22
3802 1.43e-22
3846 1.447e-22
#3890 3.403e-22
3936 1.48e-22
#3981 2.267e-22
4027 1.513e-22
4074 1.531e-22
4121 1.548e-22
4169 1.566e-22
#4217 2.984e-22
4266 1.602e-22
#4315 2.153e-22
4365 1.638e-22
4416 1.657e-22
4467 1.676e-22
4519 1.695e-22
#4571 2.72e-22
#4624 2.107e-22
4677 1.754e-22
4732 1.775e-22
4786 1.795e-22
4842 1.816e-22
#4898 2.757e-22
4955 1.859e-22
5012 1.881e-22
5070 1.903e-22
5129 1.926e-22
#5188 2.626e-22
5248 1.975e-22
5309 2.001e-22
5370 2.029e-22
5433 2.061e-22
#5495 2.237e-22
#5559 2.537e-22
#5623 2.344e-22
#5689 3.419e-18
#5754 3.486e-22
#5821 2.713e-22
#5888 2.269e-22
5957 2.259e-22
6026 2.27e-22
6095 2.288e-22
#6166 2.585e-22
6237 2.334e-22
6310 2.359e-22
6383 2.385e-22
6457 2.467e-22
#6531 2.594e-22
6607 2.467e-22
6683 2.495e-22
6761 2.565e-22
#6839 2.669e-22
6918 2.581e-22
6998 2.611e-22
7079 2.673e-22
#7161 2.761e-22
7244 2.702e-22
7328 2.759e-22
7413 2.766e-22
#7499 2.868e-22
7586 2.833e-22
7674 2.892e-22
#7762 1.143e-18
#7852 1.367e-21
#7943 3.013e-22
8035 3.003e-22
#8128 3.075e-22
8222 3.066e-22
8318 3.113e-22
8414 3.169e-22
8511 3.171e-22
8610 3.218e-22
8710 3.244e-22
8810 3.309e-22
8913 3.328e-22
9016 3.358e-22
9120 3.418e-22
9226 3.442e-22
9333 3.475e-22
9441 3.533e-22
9550 3.562e-22
9661 3.597e-22
9772 3.658e-22
9886 3.681e-22
10000 3.723e-22
