# Cutler and Flanagan fit to
# noise power spectrum for advanced LIGO detectors
# data format:  f (Hz)  sqrt(P(f)) (strain/rHz)
#
# See Section s:cutflanfit for some comments about this.  It
# corrects errors in the Science 1992 article with an advanced
# detector noise curve mode.
#
#
0.0 3.3451945261201e-12
1.0 3.3451945261201e-12
2.0 3.3451945261201e-12
3.0 3.3451945261201e-12
4.0 3.3451945261201e-12
5.0 3.3451945261201e-12
6.0 3.3451945261201e-12
7.0 3.3451945261201e-12
8.0 3.3451945261201e-22
9.0 3.3451945261201e-12
10.0 3.797136407604968e-23 
10.06931668851804 3.745082750829427e-23 
10.1391138573668 3.693743941548874e-23 
10.2093948370768 3.643110181162169e-23 
10.28016298126474 3.593171805655648e-23 
10.35142166679344 3.543919283758925e-23 
10.42317429393304 3.495343215126012e-23 
10.49542428652323 3.447434328541468e-23 
10.56817509213659 3.400183480151176e-23 
10.64143018224316 3.353581651717458e-23 
10.71519305237607 3.307619948898171e-23 
10.78946722229829 3.262289599549473e-23 
10.86425623617065 3.217581952051896e-23 
10.93956366272094 3.173488473659471e-23 
11.01539309541415 3.130000748871526e-23 
11.09174815262401 3.087110477826901e-23 
11.16863247780561 3.044809474720207e-23 
11.24604973966927 3.003089666239907e-23 
11.32400363235557 2.961943090027877e-23 
11.40249787561169 2.921361893160128e-23 
11.48153621496883 2.881338330648457e-23 
11.56112242192099 2.841864763962705e-23 
11.64126029410492 2.802933659573358e-23 
11.72195365548131 2.764537587514181e-23 
11.8032063565173 2.726669219964652e-23 
11.88502227437019 2.689321329851904e-23 
11.96740531307244 2.652486789471924e-23 
12.05035940371798 2.616158569129695e-23 
12.13388850464977 2.580329735798111e-23 
12.21799660164872 2.544993451795325e-23 
12.30268770812382 2.510142973480329e-23 
12.38796586530369 2.47577164996649e-23 
12.47383514242943 2.441872921852815e-23 
12.56029963694875 2.408440319972691e-23 
12.64736347471152 2.375467464159874e-23 
12.73503081016662 2.342948062031472e-23 
12.82330582656022 2.310875907787707e-23 
12.91219273613535 2.279244881028238e-23 
13.0016957803329 2.248048945584769e-23 
13.09181922999407 2.217282148369791e-23 
13.18256738556407 2.186938618241177e-23 
13.2739445772974 2.157012564882459e-23 
13.36595516546442 2.127498277698532e-23 
13.45860354055948 2.098390124726606e-23 
13.55189412351037 2.069682551562199e-23 
13.64583136588925 2.041370080299938e-23 
13.74041975012515 2.013447308488998e-23 
13.83566378971782 1.985908908102949e-23 
13.93156802945304 1.958749624523867e-23 
14.02813704561959 1.931964275540428e-23 
14.12537544622754 1.905547750359899e-23 
14.2232878712282 1.879495008633751e-23 
14.32187899273544 1.853801079496757e-23 
14.42115351524869 1.828461060619381e-23 
14.52111617587742 1.803470117273258e-23 
14.62177174456719 1.778823481409623e-23 
14.72312502432719 1.754516450750485e-23 
14.82518085145954 1.730544387892374e-23 
14.92794409578996 1.706902719422517e-23 
15.03141966090023 1.68358693504724e-23 
15.13561248436209 1.660592586732451e-23 
15.24052753797291 1.637915287856037e-23 
15.34616982799294 1.615550712372007e-23 
15.45254439538414 1.593494593986229e-23 
15.55965631605075 1.571742725343613e-23 
15.66751070108149 1.550290957226542e-23 
15.77611269699349 1.529135197764468e-23 
15.88546748597779 1.508271411654459e-23 
15.99558028614669 1.487695619392577e-23 
16.10645635178271 1.467403896515953e-23 
16.21810097358931 1.447392372855371e-23 
16.33051947894335 1.427657231798279e-23 
16.44371723214932 1.408194709562022e-23 
16.55769963469528 1.389001094477213e-23 
16.67247212551063 1.370072726281068e-23 
16.78804018122561 1.351405995420599e-23 
16.90440931643264 1.332997342365499e-23 
17.02158508394951 1.314843256930618e-23 
17.13957307508426 1.296940277607891e-23 
17.25837891990204 1.279284990907578e-23 
17.37800828749375 1.261874030708704e-23 
17.49846688624657 1.244704077618578e-23 
17.6197604641163 1.227771858341249e-23 
17.74189480890166 1.211074145054801e-23 
17.86487574852051 1.194607754797348e-23 
17.98870915128788 1.178369548861624e-23 
18.11340092619603 1.162356432198053e-23 
18.23895702319638 1.146565352826167e-23 
18.36538343348347 1.130993301254283e-23 
18.49268618978079 1.115637309907309e-23 
18.62087136662868 1.100494452562575e-23 
18.74994508067419 1.085561843793585e-23 
18.87991349096293 1.070836638421569e-23 
19.010782799233 1.056316030974749e-23 
19.14255925021086 1.041997255155196e-23 
19.27524913190936 1.027877583313177e-23 
19.40885877592779 1.01395432592891e-23 
19.54339455775395 1.000224831101593e-23 
19.67886289706845 9.86686484045636e-24 
19.81527025805099 9.73336706593984e-24 
19.9526231496888 9.60172956708434e-24 
20.09092812608729 9.47192727996852e-24 
20.23019178678272 9.34393549237202e-24 
20.37042077705718 9.21772983908274e-24 
20.51162178825566 9.09328629727041e-24 
20.6538015581053 8.97058118192536e-24 
20.79696687103696 8.84959114136167e-24 
20.94112455850894 8.73029315278374e-24 
21.0862814993329 8.61266451791552e-24 
21.2324446200022 8.49668285869126e-24 
21.37962089502232 8.38232611300723e-24 
21.52781734724373 8.26957253053329e-24 
21.67704104819696 8.1584006685836e-24 
21.82729911843002 8.04878938804554e-24 
21.97859872784825 7.940717849366037e-24 
22.13094709605639 7.834165508594462e-24 
22.28435149270305 7.729112113481312e-24 
22.43881923782767 7.625537699631707e-24 
22.59435770220978 7.523422586713089e-24 
22.75097430772071 7.422747374716165e-24 
22.90867652767774 7.323492940268343e-24 
23.06747188720069 7.225640432998898e-24 
23.22736796357107 7.12917127195495e-24 
23.38837238659356 7.034067142067635e-24 
23.5504928389601 6.940309990667548e-24 
23.71373705661656 6.847882024048704e-24 
23.87811282913179 6.756765704080286e-24 
24.04362800006934 6.666943744865357e-24 
24.21029046736179 6.578399109445749e-24 
24.37810818368753 6.491115006552394e-24 
24.54708915685031 6.405074887400288e-24 
24.71724145016131 6.320262442527356e-24 
24.88857318282391 6.236661598676401e-24 
25.06109253032114 6.154256515719382e-24 
25.23480772480576 6.073031583623246e-24 
25.40972705549306 5.9929714194566e-24 
25.58585886905646 5.914060864436294e-24 
25.76321157002577 5.83628498101335e-24 
25.94179362118815 5.759629049997272e-24 
26.12161354399207 5.684078567718059e-24 
26.30267991895383 5.609619243225104e-24 
26.48500138606701 5.536236995522214e-24 
26.66858664521481 5.463917950837932e-24 
26.85344445658508 5.392648439930392e-24 
27.03958364108844 5.322414995425876e-24 
27.22701308077914 5.253204349190306e-24 
27.41574171927883 5.185003429732861e-24 
27.60577856220347 5.117799359640852e-24 
27.7971326775929 5.051579453045117e-24 
27.98981319634362 4.986331213115038e-24 
28.18382931264455 4.922042329582378e-24 
28.37919028441557 4.858700676293151e-24 
28.57590543374947 4.796294308786552e-24 
28.7739841473567 4.734811461900242e-24 
28.97343587701324 4.674240547401042e-24 
29.17427014001167 4.614570151640184e-24 
29.37649651961532 4.555789033232275e-24 
29.58012466551546 4.497886120757099e-24 
29.78516429429191 4.440850510483308e-24 
29.99162518987652 4.384671464113242e-24 
30.19951720402016 4.329338406547829e-24 
30.4088502567628 4.274840923670796e-24 
30.61963433690678 4.221168760151225e-24 
30.83187950249354 4.168311817263543e-24 
31.04559588128357 4.116260150724062e-24 
31.26079367123956 4.065003968543161e-24 
31.47748314101316 4.014533628892131e-24 
31.69567463043493 3.964839637983868e-24 
31.91537855100762 3.915912647966428e-24 
32.13660538640318 3.867743454828518e-24 
32.35936569296283 3.820322996316129e-24 
32.58367010020088 3.773642349859244e-24 
32.80952931131192 3.727692730507856e-24 
33.03695410368149 3.682465488876368e-24 
33.26595532940046 3.637952109095463e-24 
33.49654391578278 3.59414420677064e-24 
33.7287308658869 3.551033526946555e-24 
33.96252725904085 3.508611942076296e-24 
34.1979442513709 3.466871449994851e-24 
34.43499307633385 3.425804171895961e-24 
34.67368504525318 3.38540235031157e-24 
34.91403154785862 3.345658347093244e-24 
35.15604405282982 3.306564641394754e-24 
35.39973410834349 3.268113827655272e-24 
35.64511334262443 3.230298613582543e-24 
35.89219346450053 3.193111818135426e-24 
36.14098626396135 3.156546369505395e-24 
36.39150361272071 3.120595303096478e-24 
36.64375746478334 3.085251759503211e-24 
36.89775985701504 3.050508982486414e-24 
37.15352290971726 3.016360316946356e-24 
37.41105882720535 2.982799206893261e-24 
37.6703798983909 2.949819193414985e-24 
37.9314984973682 2.917413912641843e-24 
38.19442708400467 2.885577093708673e-24 
38.45917820453537 2.854302556714289e-24 
38.72576449216173 2.82358421067855e-24 
38.99419866765437 2.793416051497447e-24 
39.26449353995998 2.763792159896651e-24 
39.53666200681281 2.734706699384061e-24 
39.81071705534974 2.70615391420213e-24 
40.08667176273029 2.678128127280643e-24 
40.36453929676052 2.650623738191014e-24 
40.6443329165213 2.623635221103032e-24 
40.9260659730011 2.597157122745286e-24 
41.20975190973305 2.571184060370566e-24 
41.49540426343629 2.545710719727644e-24 
41.78303666466219 2.52073185304099e-24 
42.07266283844442 2.496242277000137e-24 
42.36429660495412 2.472236870760427e-24 
42.65795188015928 2.448710573957139e-24 
42.95364267648874 2.425658384735005e-24 
43.25138310350088 2.403075357795272e-24 
43.55118736855689 2.380956602462594e-24 
43.85306977749859 2.359297280774149e-24 
44.15704473533127 2.338092605593401e-24 
44.4631267469109 2.317337838751126e-24 
44.77133041763626 2.29702828921633e-24 
45.08167045414603 2.277159311299726e-24 
45.39416166502033 2.257726302892634e-24 
45.70881896148751 2.238724703744021e-24 
46.02565735813563 2.22014999377861e-24 
46.34469197362882 2.201997691458899e-24 
46.66593803142887 2.184263352193944e-24 
46.98941086052157 2.16694256679782e-24 
47.31512589614808 2.150030960000553e-24 
47.64309868054159 2.13352418901433e-24 
47.97334486366895 2.117417942157718e-24 
48.30588020397727 2.101707937540546e-24 
48.64072056914618 2.086389921811975e-24 
48.97788193684464 2.071459668974232e-24 
49.3173803954936 2.056912979264269e-24 
49.65923214503364 2.042745678105518e-24 
50.00345349769787 2.028953615131728e-24 
50.35006087879049 2.015532663284648e-24 
50.69907082747047 2.002478717987188e-24 
51.05049999754063 1.989787696393409e-24 
51.40436515824263 1.977455536716483e-24 
51.76068319505678 1.965478197635558e-24 
52.11947111050806 1.953851657782131e-24 
52.48074602497729 1.942571915306347e-24 
52.84452517751806 1.931634987523322e-24 
53.21082592667944 1.921036910639313e-24 
53.5796657513342 1.910773739557305e-24 
53.9510622515128 1.900841547761247e-24 
54.32503314924335 1.891236427277942e-24 
54.7015962893972 1.881954488715254e-24 
55.08076964054035 1.872991861375073e-24 
55.46257129579109 1.864344693439117e-24 
55.84701947368312 1.856009152225499e-24 
56.23413251903492 1.847981424513612e-24 
56.62392890382537 1.840257716934696e-24 
57.01642722807475 1.832834256425236e-24 
57.41164622073277 1.825707290740055e-24 
57.80960474057184 1.818873089021815e-24 
58.21032177708715 1.812327942423439e-24 
58.6138164514029 1.806068164779791e-24 
59.02010801718447 1.80009009332481e-24 
59.42921586155728 1.794390089450173e-24 
59.84115950603199 1.788964539501443e-24 
60.25595860743583 1.783809855607597e-24 
60.67363295885056 1.778922476539758e-24 
61.09420249055724 1.774298868594884e-24 
61.51768727098682 1.769935526500239e-24 
61.94410750767817 1.765828974334376e-24 
62.37348354824197 1.761975766460453e-24 
62.8058358813318 1.75837248846774e-24 
63.24118513762197 1.75501575811724e-24 
63.67955209079157 1.751902226287419e-24 
64.12095765851618 1.74902857791619e-24 
64.56542290346559 1.746391532935361e-24 
65.01296903430913 1.743987847193962e-24 
65.46361740672751 1.741814313366942e-24 
65.91738952443217 1.73986776184597e-24 
66.37430704019089 1.738145061609198e-24 
66.83439175686149 1.736643121067043e-24 
67.29766562843182 1.735358888881246e-24 
67.76415076106752 1.734289354754674e-24 
68.23386941416699 1.733431550189507e-24 
68.70684400142321 1.732782549211697e-24 
69.18309709189366 1.732339469059762e-24 
69.66265141107691 1.73209947083623e-24 
70.1455298419972 1.732059760120223e-24 
70.63175542629621 1.73221758753988e-24 
71.12135136533295 1.732570249303581e-24 
71.6143410212902 1.733115087689042e-24 
72.11074791828999 1.733849491489626e-24 
72.61059574351552 1.734770896417382e-24 
73.11390834834176 1.735876785462469e-24 
73.62070974947365 1.737164689208878e-24 
74.13102413009175 1.738632186106443e-24 
74.64487584100667 1.740276902699354e-24 
75.16228940182059 1.74209651381151e-24 
75.68328950209751 1.744088742689198e-24 
76.20790100254124 1.746251361101694e-24 
76.73614893618188 1.748582189400544e-24 
77.26805850957024 1.751079096538342e-24 
77.80365510398044 1.753740000047971e-24 
78.34296427662123 1.75656286598333e-24 
78.88601176185546 1.75954570882267e-24 
79.4328234724282 1.762686591335727e-24 
79.98342550070284 1.765983624415903e-24 
80.5378441199067 1.769434966878804e-24 
81.0961057853841 1.773038825228485e-24 
81.6582371358593 1.776793453392783e-24 
82.2242649947071 1.780697152429181e-24 
82.7942163712334 1.784748270202606e-24 
83.3681184619634 1.788945201036649e-24 
83.9459986519398 1.793286385339641e-24 
84.527884516029 1.797770309207083e-24 
85.1138038202377 1.802395504001852e-24 
85.703784523037 1.807160545913664e-24 
86.297854776697 1.812064055499221e-24 
86.8960429286302 1.817104697204459e-24 
87.4983775227437 1.822281178870294e-24 
88.1048873008015 1.827592251223241e-24 
88.7156012037961 1.833036707352242e-24 
89.3305483733295 1.838613382173018e-24 
89.9497581530035 1.844321151881208e-24 
90.5732600898201 1.850158933395545e-24 
91.201083935591 1.856125683792255e-24 
91.8332596483581 1.862220399731848e-24 
92.4698173938223 1.868442116879421e-24 
93.110787546783 1.874789909319519e-24 
93.756200692588 1.881262888966634e-24 
94.4060876285924 1.887860204972275e-24 
95.0604793656282 1.894581043129601e-24 
95.7194071294845 1.901424625276493e-24 
96.3829023623971 1.908390208697917e-24 
97.050996724549 1.915477085528412e-24 
97.7237220955811 1.922684582155449e-24 
98.4011105761135 1.930012058624416e-24 
99.0831944892768 1.937458908045892e-24 
99.7700063822553 1.945024556005868e-24 
100.4615790278395 1.952708459979519e-24 
101.1579454259899 1.960510108749088e-24 
101.8591388054117 1.968429021826423e-24 
102.5651926251408 1.976464748880648e-24 
103.2761405761398 1.984616869171423e-24 
103.9920165829059 1.992884990988235e-24 
104.71285480509 2.001268751096081e-24 
105.4386896391259 2.009767814187913e-24 
106.1695557198726 2.018381872344177e-24 
106.9054879222658 2.027110644499737e-24 
107.6465213629835 2.035953875918442e-24 
108.3926914021204 2.044911337675595e-24 
109.1440336448757 2.053982826148521e-24 
109.9005839432522 2.063168162515441e-24 
110.6623783977666 2.072467192262808e-24 
111.429453359173 2.08187978470126e-24 
112.2018454301963 2.091405832490286e-24 
112.9795914672798 2.101045251171763e-24 
113.7627285823431 2.110797978712378e-24 
114.5512941445537 2.120663975055072e-24 
115.3453257821093 2.130643221679507e-24 
116.1448613840343 2.140735721171612e-24 
116.9499391019871 2.150941496802224e-24 
117.7605973520808 2.161260592114822e-24 
118.5768748167161 2.171693070522375e-24 
119.3988104464273 2.18223901491324e-24 
120.2264434617414 2.192898527266127e-24 
121.0598133550482 2.203671728274049e-24 
121.8989598924867 2.214558756977247e-24 
122.7439231158408 2.225559770404989e-24 
123.5947433444511 2.236674943226214e-24 
124.4514611771386 2.24790446740892e-24 
125.3141174941416 2.259248551888231e-24 
126.1827534590671 2.270707422243039e-24 
127.0574105208542 2.282281320381142e-24 
127.9381304157526 2.293970504232771e-24 
128.8249551693134 2.305775247452407e-24 
129.7179270983957 2.317695839128778e-24 
130.6170888131841 2.329732583502915e-24 
131.5224832192239 2.341885799694185e-24 
132.4341535194665 2.354155821434128e-24 
133.3521432163325 2.366542996808041e-24 
134.2764961137864 2.379047688004135e-24 
135.2072563194277 2.391670271070173e-24 
136.144468246595 2.404411135677456e-24 
137.0881766164854 2.417270684892006e-24 
138.0384264602886 2.430249334952869e-24 
138.9952631213354 2.443347515057356e-24 
139.9587322572618 2.456565667153138e-24 
140.9288798421875 2.469904245737033e-24 
141.9057521689093 2.483363717660369e-24 
142.8893958511104 2.496944561940805e-24 
143.8798578255847 2.51064726958047e-24 
144.8771853544762 2.524472343390283e-24 
145.8814260275348 2.538420297820365e-24 
146.8926277643867 2.552491658796365e-24 
147.9108388168208 2.566686963561614e-24 
148.9361077710916 2.58100676052497e-24 
149.9684835502374 2.595451609114239e-24 
151.0080154164148 2.610022079635035e-24 
152.0547529732496 2.624718753134977e-24 
153.1087461682031 2.639542221273082e-24 
154.1700452949561 2.654493086194279e-24 
155.2387009958082 2.669571960408874e-24 
156.3147642640955 2.684779466676907e-24 
157.3982864466219 2.700116237897231e-24 
158.4893192461114 2.715582917001277e-24 
159.5879147236734 2.731180156851312e-24 
160.6941253012879 2.746908620143165e-24 
161.8080037643066 2.762768979313243e-24 
162.9296032639722 2.778761916449813e-24 
164.058977319954 2.794888123208365e-24 
165.1961798229016 2.811148300731021e-24 
166.3412650370171 2.827543159569874e-24 
167.4942876026437 2.84407341961414e-24 
168.6553025388742 2.860739810021085e-24 
169.8243652461744 2.877543069150552e-24 
171.0015315090288 2.8944839445031e-24 
172.1868574986008 2.911563192661573e-24 
173.3803997754139 2.928781579236076e-24 
174.5822152920504 2.946139878812261e-24 
175.7923613958692 2.963638874902825e-24 
177.0108958317422 2.981279359902148e-24 
178.237876744809 2.999062135044006e-24 
179.4733626832528 3.016988010362271e-24 
180.7174126010927 3.035057804654515e-24 
181.9700858609985 3.053272345448493e-24 
183.2314422371212 3.071632468971333e-24 
184.5015419179475 3.09013902012151e-24 
185.78044550917 3.108792852443389e-24 
187.0682140365802 3.127594828104379e-24 
188.3649089489801 3.146545817874571e-24 
189.6705921211146 3.165646701108852e-24 
190.9853258566239 3.184898365731371e-24 
192.3091728910159 3.204301708222348e-24 
193.6421963946609 3.223857633607151e-24 
194.9844599758046 3.24356705544758e-24 
196.3360276836047 3.263430895835331e-24 
197.6969640111861 3.283450085387536e-24 
199.0673338987187 3.303625563244373e-24 
200.4472027365163 3.323958277068689e-24 
201.8366363681563 3.344449183047564e-24 
203.2357010936223 3.3650992458958e-24 
204.6444636724674 3.385909438861261e-24 
206.0629913270001 3.406880743732045e-24 
207.4913517454911 3.428014150845412e-24 
208.9296130854041 3.44931065909847e-24 
210.3778439766476 3.47077127596054e-24 
211.8361135248501 3.492397017487186e-24 
213.3044913146576 3.514188908335851e-24 
214.7830474130535 3.53614798178307e-24 
216.2718523727022 3.558275279743237e-24 
217.7709772353159 3.580571852788872e-24 
219.280493535045 3.603038760172374e-24 
220.80047330189 3.625677069849191e-24 
222.3309890651404 3.64848785850243e-24 
223.8721138568341 3.671472211568814e-24 
225.4239212152432 3.694631223266026e-24 
226.9864851883823 3.717965996621326e-24 
228.5598803375429 3.741477643501518e-24 
230.1441817408508 3.765167284644131e-24 
231.739464996848 3.78903604968986e-24 
233.3458062281005 3.813085077216227e-24 
234.9632820848308 3.837315514772428e-24 
236.591969748576 3.861728518915347e-24 
238.231946935869 3.886325255246696e-24 
239.8832919019491 3.911106898451317e-24 
241.5460834444942 3.936074632336536e-24 
243.2204009073818 3.961229649872631e-24 
244.9063241844747 3.98657315323435e-24 
246.6039337234339 4.012106353843477e-24 
248.3133105295571 4.037830472412402e-24 
250.0345361696433 4.063746738988714e-24 
251.7676927758857 4.089856393000777e-24 
253.5128630497908 4.116160683304276e-24 
255.2701302661249 4.14266086822973e-24 
257.0395782768864 4.169358215630921e-24 
258.8212915153092 4.196254002934285e-24 
260.6153549998897 4.223349517189174e-24 
262.4218543384445 4.250646055119056e-24 
264.2408757321948 4.278144923173569e-24 
266.0725059798809 4.305847437581476e-24 
267.9168324819033 4.333754924404476e-24 
269.7739432444921 4.361868719591825e-24 
271.6439268839085 4.39019016903586e-24 
273.5268726306713 4.418720628628309e-24 
275.4228703338168 4.44746146431744e-24 
277.3320104651841 4.476414052166e-24 
279.2543841237339 4.505579778409981e-24 
281.1900830398943 4.534960039518151e-24 
283.1391995799382 4.56455624225238e-24 
285.1018267503911 4.594369803728746e-24 
287.0780582024691 4.62440215147941e-24 
289.0679882365476 4.654654723515244e-24 
291.0717118066607 4.685128968389201e-24 
293.0893245250323 4.715826345260465e-24 
295.1209226666387 4.746748323959317e-24 
297.1666031738025 4.77789638505275e-24 
299.226463660819 4.809272019910811e-24 
301.3006024186122 4.840876730773652e-24 
303.3891184194273 4.872712030819342e-24 
305.4921113215514 4.904779444232337e-24 
307.609681474071 4.93708050627274e-24 
309.741929921658 4.969616763346178e-24 
311.8889584093938 5.002389773074473e-24 
314.050869387622 5.035401104366939e-24 
316.2277660168383 5.068652337492424e-24 
318.4197521726126 5.10214506415203e-24 
320.6269324505465 5.135880887552542e-24 
322.8494121712636 5.169861422480526e-24 
325.0872973854346 5.204088295377117e-24 
327.3406948788384 5.238563144413503e-24 
329.6097121774578 5.273287619567109e-24 
331.8944575526106 5.308263382698436e-24 
334.1950400261143 5.343492107628589e-24 
336.5115693754909 5.378975480217502e-24 
338.8441561392027 5.414715198442821e-24 
341.1929116219289 5.450712972479492e-24 
343.5579478998748 5.486970524780001e-24 
345.9393778261219 5.523489590155322e-24 
348.3373150360118 5.560271915856527e-24 
350.7518739525682 5.597319261657058e-24 
353.1831697919573 5.63463339993572e-24 
355.6313185689854 5.672216115760318e-24 
358.0964371026362 5.710069206972009e-24 
360.5786430216425 5.748194484270282e-24 
363.0780547701015 5.786593771298683e-24 
365.5947916131252 5.825268904731173e-24 
368.1289736425318 5.864221734359198e-24 
370.6807217825762 5.903454123179431e-24 
373.2501577957206 5.942967947482215e-24 
375.8374042884442 5.982765096940689e-24 
378.4425847170935 6.022847474700586e-24 
381.0658233937734 6.063216997470743e-24 
383.7072454922789 6.103875595614311e-24 
386.3669770540695 6.144825213240656e-24 
389.0451449942806 6.186067808297933e-24 
391.7418771077833 6.227605352666404e-24 
394.4573020752787 6.26943983225242e-24 
397.1915494694407 6.311573247083141e-24 
399.9447497610977 6.354007611401938e-24 
402.7170343254591 6.396744953764534e-24 
405.508535448384 6.439787317135833e-24 
408.3193863326925 6.483136758987476e-24 
411.1497211045227 6.526795351396121e-24 
413.9996748197307 6.570765181142441e-24 
416.8693834703353 6.615048349810864e-24 
419.7589839910076 6.659646973890031e-24 
422.6686142656032 6.704563184873959e-24 
425.5984131337434 6.749799129363998e-24 
428.5485203974396 6.795356969171485e-24 
431.5190768277656 6.841238881421188e-24 
434.5102241715716 6.887447058655419e-24 
437.5221051582522 6.93398370893899e-24 
440.5548635065536 6.980851055964865e-24 
443.6086439314331 7.028051339160586e-24 
446.6835921509633 7.075586813795477e-24 
449.779854893288 7.123459751088611e-24 
452.8975799036209 7.171672438317546e-24 
456.0369159512965 7.220227178927815e-24 
459.1980128368691 7.269126292643248e-24 
462.3810213992604 7.318372115577035e-24 
465.5860935229592 7.367967000343619e-24 
468.8133821452654 7.41791331617133e-24 
472.0630412635908 7.468213449015883e-24 
475.3352259428058 7.518869801674626e-24 
478.6300923226389 7.569884793901631e-24 
481.9477976251277 7.62126086252358e-24 
485.2885001621211 7.673000461556496e-24 
488.6523593428337 7.725106062323272e-24 
492.0395356814512 7.777580153572029e-24 
495.4501908047907 7.830425241595324e-24 
498.8844874600125 7.883643850350202e-24 
502.3425895223875 7.937238521579085e-24 
505.8246620031141 7.991211814931485e-24 
509.3308710571957 8.04556630808664e-24 
512.8613839913652 8.10030459687691e-24 
516.4163692720715 8.15542929541218e-24 
519.9959965335163 8.21094303620496e-24 
523.6004365857502 8.26684847029654e-24 
527.2298614228229 8.32314826738392e-24 
530.8844442309887 8.37984511594763e-24 
534.5643593969722 8.4369417233805e-24 
538.2697825162885 8.49444081611729e-24 
542.0008904016243 8.55234513976528e-24 
545.7578610912711 8.61065745923566e-24 
549.5408738576248 8.66938055887598e-24 
553.3501092157371 8.72851724260343e-24 
557.1857489319301 8.78807033403908e-24 
561.0479760324709 8.84804267664306e-24 
564.9369748123031 8.90843713385071e-24 
568.8529308438416 8.96925658920959e-24 
572.7960309858296 9.03050394651759e-24 
576.7664633922509 9.09218212996184e-24 
580.7644175213123 9.15429408425874e-24 
584.7900841444812 9.21684277479487e-24 
588.843655355589 9.27983118776891e-24 
592.9253245800002 9.34326233033456e-24 
597.0352865838374 9.40713923074444e-24 
601.1737374832782 9.47146493849501e-24 
605.340874753914 9.5362425244725e-24 
609.5368972401698 9.60147508109982e-24 
613.7620051647945 9.66716572248452e-24 
618.0164001384164 9.73331758456785e-24 
622.3002851691596 9.79993382527469e-24 
626.6138646723358 9.86701762466471e-24 
630.9573444801938 9.93457218508443e-24 
635.3309318517438 1.000260073132047e-23 
639.7348354826485 1.007110651075377e-23 
644.1692655151778 1.014009279351489e-23 
648.6344335482386 1.020956287264047e-23 
653.1305526474728 1.027952006423072e-23 
657.6578373554204 1.034996770760795e-23 
662.2165037017622 1.042090916547638e-23 
666.8067692136227 1.049234782408283e-23 
671.4288529259525 1.056428709337872e-23 
676.0829753919822 1.063673040718313e-23 
680.769358693742 1.070968122334691e-23 
685.4882264526618 1.078314302391812e-23 
690.2398038402425 1.085711931530845e-23 
695.0243175887974 1.093161362846083e-23 
699.8419960022737 1.10066295190183e-23 
704.6930689671475 1.108217056749398e-23 
709.5777679633889 1.115824037944218e-23 
714.4963260755137 1.123484258563083e-23 
719.4489780037001 1.131198084221498e-23 
724.4359600749903 1.138965883091152e-23 
729.4575102545691 1.14678802591753e-23 
734.5138681571156 1.154664886037617e-23 
739.6052750582381 1.162596839397748e-23 
744.7319739059896 1.170584264571579e-23 
749.8942093324566 1.178627542778172e-23 
755.0922276654343 1.186727057900216e-23 
760.3262769401825 1.194883196502374e-23 
765.5966069112564 1.20309634784975e-23 
770.9034690644305 1.211366903926498e-23 
776.2471166286924 1.219695259454542e-23 
781.6278045883299 1.228081811912442e-23 
787.0457896950991 1.236526961554388e-23 
792.5013304804725 1.245031111429317e-23 
797.9946872679771 1.253594667400175e-23 
803.526122185618 1.262218038163306e-23 
809.095899178383 1.270901635267972e-23 
814.70428402084 1.279645873136025e-23 
820.351544329819 1.288451169081694e-23 
826.037949577179 1.297317943331524e-23 
831.763771102671 1.306246619044456e-23 
837.529282126883 1.31523762233203e-23 
843.334757764276 1.324291382278744e-23 
849.180475036314 1.333408330962557e-23 
855.066712884684 1.342588903475512e-23 
860.993752184601 1.351833537944528e-23 
866.961875758217 1.361142675552327e-23 
872.971368388112 1.3705167605585e-23 
879.022516830885 1.379956240320727e-23 
885.115609830836 1.389461565316143e-23 
891.250938133746 1.399033189162852e-23 
897.428794500749 1.408671568641593e-23 
903.649473722302 1.418377163717549e-23 
909.913272632252 1.428150437562318e-23 
916.220490122 1.437991856576029e-23 
922.571427154763 1.447901890409614e-23 
928.966386779937 1.457881011987239e-23 
935.405674147553 1.467929697528882e-23 
941.889596522842 1.478048426573073e-23 
948.418463300898 1.488237681999803e-23 
954.992586021437 1.498497950053563e-23 
961.612278383665 1.508829720366578e-23 
968.27785626125 1.519233485982178e-23 
974.989637717388 1.529709743378341e-23 
981.747943019985 1.540258992491396e-23 
988.553094656939 1.5508817367399e-23 
995.405417351527 1.561578483048663e-23 
1002.3052380779 1.572349741872964e-23 
1009.252886076685 1.583196027222907e-23 
1016.248692870696 1.594117856687975e-23 
1023.292992280754 1.605115751461734e-23 
1030.386120441617 1.616190236366718e-23 
1037.528415818013 1.627341839879479e-23 
1044.720219220801 1.63857109415583e-23 
1051.961873823224 1.649878535056235e-23 
1059.253725177289 1.661264702171401e-23 
1066.596121230259 1.672730138848035e-23 
1073.989412341245 1.684275392214778e-23 
1081.433951297938 1.695901013208334e-23 
1088.930093333434 1.707607556599757e-23 
1096.478196143185 1.719395581020943e-23 
1104.078619902074 1.7312656489913e-23 
1111.731727281592 1.743218326944589e-23 
1119.437883467152 1.755254185255971e-23 
1127.197456175511 1.767373798269236e-23 
1135.010815672315 1.77957774432421e-23 
1142.878334789772 1.791866605784373e-23 
1150.800388944437 1.804240969064646e-23 
1158.777356155126 1.81670142465939e-23 
1166.809617060963 1.829248567170591e-23 
1174.897554939531 1.841882995336239e-23 
1183.041555725165 1.854605312058906e-23 
1191.242008027376 1.867416124434534e-23 
1199.49930314938 1.880316043781399e-23 
1207.813835106781 1.893305685669295e-23 
1216.186000646369 1.906385669948921e-23 
1224.616199265049 1.919556620781456e-23 
1233.10483322891 1.932819166668364e-23 
1241.652307592412 1.946173940481376e-23 
1250.259030217721 1.959621579492706e-23 
1258.925411794168 1.973162725405475e-23 
1267.651865857847 1.986798024384319e-23 
1276.438808811344 2.000528127086243e-23 
1285.286659943616 2.014353688691679e-23 
1294.195841449987 2.028275368935744e-23 
1303.1667784523 2.042293832139735e-23 
1312.199899019204 2.056409747242836e-23 
1321.295634186575 2.070623787834042e-23 
1330.454417978092 2.084936632184308e-23 
1339.676687425936 2.09934896327892e-23 
1348.962882591654 2.113861468850091e-23 
1358.313446587155 2.128474841409786e-23 
1367.72882559585 2.143189778282774e-23 
1377.209468893947 2.158006981639898e-23 
1386.755828871889 2.172927158531604e-23 
1396.368361055938 2.187951020921667e-23 
1406.047524129914 2.203079285721182e-23 
1415.793779957083 2.218312674822774e-23 
1425.607593602188 2.233651915135046e-23 
1435.489433353657 2.249097738617283e-23 
1445.439770745929 2.264650882314368e-23 
1455.459080581966 2.280312088391964e-23 
1465.547840955913 2.296082104171941e-23 
1475.706533275896 2.311961682168027e-23 
1485.935642287008 2.327951580121728e-23 
1496.235656094435 2.344052561038493e-23 
1506.607066186742 2.360265393224117e-23 
1517.050367459337 2.37659085032142e-23 
1527.566058238074 2.393029711347156e-23 
1538.154640303035 2.40958276072919e-23 
1548.816618912482 2.426250788343951e-23 
1559.552502826955 2.443034589554099e-23 
1570.362804333553 2.459934965246501e-23 
1581.248039270384 2.476952721870452e-23 
1592.20872705117 2.494088671476142e-23 
1603.245390690042 2.511343631753434e-23 
1614.358556826488 2.528718426070862e-23 
1625.548755750484 2.546213883514937e-23 
1636.816521427809 2.563830838929714e-23 
1648.162391525509 2.581570132956625e-23 
1659.586907437561 2.599432612074591e-23 
1671.090614310709 2.617419128640437e-23 
1682.674061070469 2.635530540929545e-23 
1694.337800447329 2.653767713176821e-23 
1706.082389003125 2.672131515617946e-23 
1717.908387157589 2.690622824530885e-23 
1729.816359215102 2.709242522277724e-23 
1741.806873391616 2.72799149734676e-23 
1753.880501841762 2.746870644394908e-23 
1766.037820686166 2.765880864290403e-23 
1778.279410038924 2.78502306415577e-23 
1790.605854035295 2.804298157411127e-23 
1803.01774085957 2.823707063817773e-23 
1815.515662773137 2.84325070952207e-23 
1828.100216142743 2.862930027099646e-23 
1840.772001468957 2.882745955599901e-23 
1853.531623414812 2.902699440590805e-23 
1866.379690834671 2.922791434204039e-23 
1879.31681680327 2.943022895180412e-23 
1892.343618644976 2.963394788915622e-23 
1905.460717963248 2.983908087506327e-23 
1918.668740670291 3.004563769796523e-23 
1931.968317016925 3.02536282142426e-23 
1945.360081622664 3.046306234868683e-23 
1958.84467350599 3.067395009497375e-23 
1972.422736114855 3.088630151614067e-23 
1986.094917357373 3.110012674506637e-23 
1999.861869632745 3.13154359849548e-23 
2013.724249862389 3.153223950982193e-23 
2027.682719521284 3.175054766498597e-23 
2041.73794466953 3.197037086756099e-23 
2055.890595984143 3.219171960695425e-23 
2070.141348791044 3.241460444536645e-23 
2084.49088309729 3.263903601829591e-23 
2098.939883623526 3.286502503504611e-23 
2113.489039836647 3.309258227923659e-23 
2128.139045982713 3.332171860931768e-23 
2142.890601120061 3.355244495908859e-23 
2157.744409152667 3.378477233821905e-23 
2172.701178863746 3.401871183277491e-23 
2187.761623949554 3.425427460574695e-23 
2202.926463053457 3.449147189758362e-23 
2218.196419800221 3.473031502672751e-23 
2233.572222830532 3.497081539015526e-23 
2249.054605835782 3.521298446392165e-23 
2264.644307593061 3.545683380370699e-23 
2280.342072000419 3.570237504536865e-23 
2296.148648112363 3.594961990549634e-23 
2312.064790175597 3.619858018197116e-23 
2328.091257665009 3.644926775452847e-23 
2344.228815319924 3.670169458532504e-23 
2360.47823318058 3.695587271950959e-23 
2376.840286624877 3.721181428579767e-23 
2393.315756405389 3.746953149705051e-23 
2409.905428686595 3.772903665085759e-23 
2426.610095082416 3.799034213012376e-23 
2443.430552693974 3.825346040365978e-23 
2460.367604147628 3.851840402677749e-23 
2477.422057633287 3.878518564188908e-23 
2494.594726942957 3.905381797911e-23 
2511.886431509581 3.932431385686669e-23 
2529.297996446147 3.959668618250825e-23 
2546.830252585043 3.987094795292216e-23 
2564.484036517718 4.014711225515461e-23 
2582.260190634598 4.042519226703504e-23 
2600.159563165273 4.070520125780477e-23 
2618.183008218987 4.09871525887504e-23 
2636.331385825382 4.127105971384119e-23 
2654.60556197554 4.155693618037111e-23 
2673.006408663313 4.18447956296055e-23 
2691.534803926918 4.213465179743161e-23 
2710.191631890844 4.242651851501433e-23 
2728.977782808043 4.272040970945621e-23 
2747.894153102397 4.301633940446177e-23 
2766.941645411513 4.331432172100699e-23 
2786.121168629773 4.361437087801291e-23 
2805.433637951714 4.391650119302412e-23 
2824.879974915709 4.422072708289226e-23 
2844.461107447918 4.452706306446359e-23 
2864.177969906582 4.483552375527177e-23 
2884.031503126608 4.514612387423571e-23 
2904.022654464453 4.54588782423615e-23 
2924.152377843337 4.577380178344976e-23 
2944.421633798764 4.609090952480799e-23 
2964.831389524343 4.641021659796733e-23 
2985.382618917961 4.673173823940483e-23 
3006.076302628234 4.705548979127031e-23 
3026.913428101304 4.738148670211856e-23 
3047.894989627988 4.77097445276467e-23 
3069.021988391158 4.804027893143587e-23 
3090.295432513592 4.837310568569942e-23 
3111.71633710602 4.870824067203495e-23 
3133.285724315583 4.904569988218233e-23 
3155.004623374631 4.938549941878707e-23 
3176.87407064977 4.972765549616788e-23 
3198.895109691399 5.007218444109154e-23 
3221.068791283436 5.041910269355098e-23 
3243.396173493495 5.076842680755025e-23 
3265.878321723362 5.112017345189433e-23 
3288.51630875983 5.147435941098434e-23 
3311.311214825918 5.183100158561911e-23 
3334.264127632351 5.219011699380048e-23 
3357.376142429549 5.255172277154664e-23 
3380.64836205982 5.291583617370892e-23 
3404.081897010008 5.328247457479538e-23 
3427.67786546451 5.365165546980036e-23 
3451.437393358564 5.402339647503825e-23 
3475.36161443206 5.439771532898528e-23 
3499.451670283576 5.477462989312515e-23 
3523.70871042487 5.515415815280154e-23 
3548.13389233576 5.553631821807671e-23 
3572.72838151929 5.592112832459474e-23 
3597.493351557425 5.630860683445293e-23 
3622.429984166989 5.669877223707691e-23 
3647.539469256075 5.70916431501034e-23 
3672.823004980851 5.748723832026888e-23 
3698.281797802662 5.788557662430313e-23 
3723.917062545686 5.828667706983135e-23 
3749.730022454837 5.869055879628001e-23 
3775.721909254164 5.909724107579072e-23 
3801.893963205617 5.950674331413968e-23 
3828.247433168226 5.991908505166354e-23 
3854.783576657719 6.033428596419235e-23 
3881.503659906485 6.07523658639877e-23 
3908.408957924023 6.117334470068862e-23 
3935.500754557779 6.159724256226332e-23 
3962.780342554394 6.202407967596769e-23 
3990.249023621428 6.245387640931107e-23 
4017.908108489401 6.288665327102683e-23 
4045.75891697443 6.33224309120526e-23 
4073.802778041132 6.37612301265145e-23 
4102.041029866067 6.42030718527197e-23 
4130.475019901621 6.464797717415618e-23 
4159.106104940222 6.50959673204973e-23 
4187.935651179186 6.554706366861662e-23 
4216.965034285826 6.60012877436066e-23 
4246.195639463127 6.645866121980616e-23 
4275.628861515868 6.691920592183548e-23 
4305.266104917107 6.738294382563601e-23 
4335.10878387529 6.784989705952082e-23 
4365.158322401664 6.832008790522925e-23 
4395.416154378249 6.879353879899054e-23 
4425.883723626273 6.927027233259459e-23 
4456.562483975033 6.975031125446963e-23 
4487.453899331323 7.023367847076825e-23 
4518.559443749227 7.072039704645982e-23 
4549.880601500491 7.12104902064314e-23 
4581.418867145341 7.170398133659591e-23 
4613.175745603793 7.220089398500802e-23 
4645.152752227503 7.270125186298826e-23 
4677.351412871984 7.320507884625323e-23 
4709.773263969533 7.371239897605647e-23 
4742.419852602452 7.422323646033453e-23 
4775.292736576908 7.473761567486229e-23 
4808.393484497294 7.525556116441684e-23 
4841.723675840996 7.577709764394723e-23 
4875.284901033867 7.630224999975564e-23 
4909.078761526036 7.683104329068326e-23 
4943.106869868352 7.73635027493069e-23 
4977.370849789369 7.789965378314321e-23 
5011.872336272724 7.843952197585985e-23 
5046.612975635286 7.898313308849794e-23 
5081.594425605611 7.953051306070006e-23 
5116.818355403074 8.00816880119482e-23 
5152.286445817574 8.06366842428113e-23 
5188.000389289611 8.11955282361978e-23 
5223.9618899912 8.17582466586222e-23 
5260.172663907066 8.23248663614753e-23 
5296.634438916583 8.28954143823068e-23 
5333.348954876217 8.34699179461145e-23 
5370.317963702527 8.40484044666441e-23 
5407.54322945581 8.46309015476973e-23 
5445.026528424215 8.52174369844486e-23 
5482.769649208543 8.58080387647715e-23 
5520.77439280758 8.64027350705745e-23 
5559.042572704036 8.70015542791457e-23 
5597.576014951112 8.76045249645071e-23 
5636.376558259547 8.82116758987769e-23 
5675.446054085476 8.88230360535444e-23 
5714.786366718677 8.94386346012507e-23 
5754.399373371568 9.00585009165814e-23 
5794.286964268819 9.06826645778691e-23 
5834.451042737449 9.13111553685026e-23 
5874.893525297771 9.19440032783509e-23 
5915.616341754746 9.25812385051919e-23 
5956.621435290101 9.32228914561544e-23 
5997.910762555104 9.38689927491695e-23 
6039.4862937638 9.45195732144298e-23 
6081.350012787182 9.51746638958632e-23 
6123.503917247739 9.58342960526118e-23 
6165.950018614829 9.64985011605248e-23 
6208.690342300645 9.71673109136601e-23 
6251.726927756858 9.78407572257964e-23 
6295.061828571977 9.85188722319571e-23 
6338.697112569273 9.9201688289942e-23 
6382.634861905494 9.98892379818728e-23 
6426.877173170205 1.00581554115747e-22 
6471.42615748583 1.012786697270038e-22 
6516.283940608439 1.019806180801007e-22 
6561.452663029057 1.026874326700994e-22 
6606.934480075966 1.033991472242664e-22 
6652.731562017422 1.041157957036802e-22 
6698.846094165262 1.048374123048529e-22 
6745.280276979232 1.055640314613625e-22 
6792.036326171849 1.062956878454939e-22 
6839.116472814297 1.070324163698961e-22 
6886.522963442768 1.07774252189246e-22 
6934.258060165688 1.085212307019267e-22 
6982.324040771725 1.092733875517173e-22 
7030.723198838336 1.100307586294917e-22 
7079.457843841383 1.107933800749338e-22 
7128.530301265201 1.1156128827826e-22 
7177.942912713613 1.123345198819563e-22 
7227.698036021714 1.131131117825278e-22 
7277.798045368242 1.138971011322565e-22 
7328.245331389044 1.146865253409776e-22 
7379.042301291016 1.154814220778624e-22 
7430.191378967022 1.16281829273216e-22 
7481.695005111553 1.170877851202878e-22 
7533.555637337173 1.178993280770934e-22 
7585.775750291854 1.187164968682511e-22 
7638.357835776911 1.195393304868268e-22 
7691.304402866104 1.203678681961984e-22 
7744.617978025197 1.212021495319261e-22 
7798.301105232585 1.220422143036407e-22 
7852.356346100733 1.228881025969434e-22 
7906.786279998254 1.237398547753165e-22 
7961.593504173195 1.245975114820524e-22 
8016.7806338768 1.254611136421907e-22 
8072.35030248838 1.263307024644717e-22 
8128.30516164101 1.272063194433037e-22 
8184.6478813479 1.280880063607408e-22 
8241.38115013003 1.289758052884794e-22 
8298.50767514423 1.298697585898635e-22 
8356.03018231248 1.307699089219071e-22 
8413.95141645196 1.316762992373303e-22 
8472.27414140597 1.325889727866069e-22 
8531.0011401759 1.335079731200307e-22 
8590.13521505396 1.344333440897917e-22 
8649.67918775694 1.353651298520694e-22 
8709.63589956082 1.363033748691398e-22 
8770.00821143635 1.372481239114966e-22 
8830.79900418563 1.381994220599885e-22 
8892.01117857949 1.391573147079691e-22 
8953.64765549595 1.401218475634635e-22 
9015.71137605958 1.410930666513497e-22 
9078.20530178186 1.42071018315554e-22 
9141.13241470252 1.430557492212641e-22 
9204.49571753172 1.440473063571524e-22 
9268.2982337935 1.450457370376227e-22 
9332.54300796992 1.460510889050641e-22 
9397.23310564638 1.470634099321262e-22 
9462.37161365795 1.480827484240087e-22 
9527.96164023652 1.491091530207639e-22 
9594.00631515934 1.50142672699621e-22 
9660.50878989814 1.511833567773206e-22 
9727.47223776965 1.522312549124689e-22 
9794.89985408701 1.532864171079082e-22 
9862.79485631211 1.543488937130999e-22 
9931.16048420934 1.554187354265315e-22 
10000.00000000001 1.564959932981316e-22 

