# real and imag parts of the whitening filter for advanced LIGO detectors
# data format:  f (Hz)  re(W(f)) im(W(f)) (both in units of rHz/strain)
#
0.000000e+00 2.989363e+11 0.000000e+00
0.100000e+00 2.989363e+11 0.000000e+00
0.200000e+00 2.989363e+11 0.000000e+00
0.300000e+00 2.989363e+11 0.000000e+00
0.400000e+00 2.989363e+11 0.000000e+00
0.500000e+00 2.989363e+11 0.000000e+00
0.600000e+00 2.989363e+11 0.000000e+00
0.700000e+00 2.989363e+11 0.000000e+00
0.800000e+00 2.989363e+11 0.000000e+00
0.900000e+00 2.989363e+11 0.000000e+00
1.000000e+00 2.989363e+11 0.000000e+00
1.010000e+00 4.252119e+11 0.000000e+00
1.020000e+00 5.612130e+11 0.000000e+00
1.030000e+00 7.026197e+11 0.000000e+00
1.040000e+00 8.476775e+11 0.000000e+00
1.050000e+00 9.954603e+11 0.000000e+00
1.060000e+00 1.145358e+12 0.000000e+00
1.070000e+00 1.296895e+12 0.000000e+00
1.080000e+00 1.449650e+12 0.000000e+00
1.090000e+00 1.603225e+12 0.000000e+00
1.100000e+00 1.757226e+12 0.000000e+00
1.110000e+00 1.911251e+12 0.000000e+00
1.120000e+00 2.064885e+12 0.000000e+00
1.130000e+00 2.217698e+12 0.000000e+00
1.140000e+00 2.369244e+12 0.000000e+00
1.150000e+00 2.519052e+12 0.000000e+00
1.160000e+00 2.666635e+12 0.000000e+00
1.170000e+00 2.811484e+12 0.000000e+00
1.180000e+00 2.953066e+12 0.000000e+00
1.190000e+00 3.090829e+12 0.000000e+00
1.200000e+00 3.224201e+12 0.000000e+00
1.210000e+00 3.352586e+12 0.000000e+00
1.220000e+00 3.475371e+12 0.000000e+00
1.240000e+00 3.591924e+12 0.000000e+00
1.250000e+00 3.701592e+12 0.000000e+00
1.260000e+00 3.803709e+12 0.000000e+00
1.270000e+00 3.897593e+12 0.000000e+00
1.280000e+00 3.982549e+12 0.000000e+00
1.290000e+00 4.057871e+12 0.000000e+00
1.310000e+00 4.122845e+12 0.000000e+00
1.320000e+00 4.176752e+12 0.000000e+00
1.330000e+00 4.218870e+12 0.000000e+00
1.340000e+00 4.248479e+12 0.000000e+00
1.360000e+00 4.264863e+12 0.000000e+00
1.370000e+00 4.267316e+12 0.000000e+00
1.380000e+00 4.255147e+12 0.000000e+00
1.390000e+00 4.227684e+12 0.000000e+00
1.410000e+00 4.184282e+12 0.000000e+00
1.420000e+00 4.124325e+12 0.000000e+00
1.430000e+00 4.047241e+12 0.000000e+00
1.450000e+00 3.952500e+12 0.000000e+00
1.460000e+00 3.839634e+12 0.000000e+00
1.470000e+00 3.708237e+12 0.000000e+00
1.490000e+00 3.557987e+12 0.000000e+00
1.500000e+00 3.388653e+12 0.000000e+00
1.510000e+00 3.200120e+12 0.000000e+00
1.530000e+00 2.992410e+12 0.000000e+00
1.540000e+00 2.765723e+12 0.000000e+00
1.560000e+00 2.520494e+12 0.000000e+00
1.570000e+00 2.257494e+12 0.000000e+00
1.580000e+00 1.978022e+12 0.000000e+00
1.600000e+00 1.684318e+12 0.000000e+00
1.610000e+00 1.380548e+12 0.000000e+00
1.630000e+00 1.075554e+12 0.000000e+00
1.640000e+00 7.917359e+11 0.000000e+00
1.660000e+00 5.934547e+11 0.000000e+00
1.670000e+00 6.057849e+11 0.000000e+00
1.690000e+00 8.379284e+11 0.000000e+00
1.710000e+00 1.176476e+12 0.000000e+00
1.720000e+00 1.559997e+12 0.000000e+00
1.740000e+00 1.965753e+12 0.000000e+00
1.750000e+00 2.383483e+12 0.000000e+00
1.770000e+00 2.807015e+12 0.000000e+00
1.790000e+00 3.231647e+12 0.000000e+00
1.800000e+00 3.653203e+12 0.000000e+00
1.820000e+00 4.067644e+12 0.000000e+00
1.840000e+00 4.470903e+12 0.000000e+00
1.850000e+00 4.858800e+12 0.000000e+00
1.870000e+00 5.227009e+12 0.000000e+00
1.890000e+00 5.571048e+12 0.000000e+00
1.910000e+00 5.886283e+12 0.000000e+00
1.920000e+00 6.167951e+12 0.000000e+00
1.940000e+00 6.411186e+12 0.000000e+00
1.960000e+00 6.611056e+12 0.000000e+00
1.980000e+00 6.762613e+12 0.000000e+00
2.000000e+00 6.860952e+12 0.000000e+00
2.010000e+00 6.901282e+12 0.000000e+00
2.030000e+00 6.879008e+12 0.000000e+00
2.050000e+00 6.789837e+12 0.000000e+00
2.070000e+00 6.629896e+12 0.000000e+00
2.090000e+00 6.395893e+12 0.000000e+00
2.110000e+00 6.085309e+12 0.000000e+00
2.130000e+00 5.696686e+12 0.000000e+00
2.150000e+00 5.230041e+12 0.000000e+00
2.170000e+00 4.687601e+12 0.000000e+00
2.190000e+00 4.075241e+12 0.000000e+00
2.210000e+00 3.405861e+12 0.000000e+00
2.230000e+00 2.708751e+12 0.000000e+00
2.250000e+00 2.055112e+12 0.000000e+00
2.270000e+00 1.628393e+12 0.000000e+00
2.290000e+00 1.738964e+12 0.000000e+00
2.310000e+00 2.382589e+12 0.000000e+00
2.330000e+00 3.294722e+12 0.000000e+00
2.360000e+00 4.321991e+12 0.000000e+00
2.380000e+00 5.395084e+12 0.000000e+00
2.400000e+00 6.472694e+12 0.000000e+00
2.420000e+00 7.521870e+12 0.000000e+00
2.440000e+00 8.511517e+12 0.000000e+00
2.470000e+00 9.410081e+12 0.000000e+00
2.490000e+00 1.018480e+13 0.000000e+00
2.510000e+00 1.080165e+13 0.000000e+00
2.540000e+00 1.122580e+13 0.000000e+00
2.560000e+00 1.142247e+13 0.000000e+00
2.580000e+00 1.135842e+13 0.000000e+00
2.610000e+00 1.100421e+13 0.000000e+00
2.630000e+00 1.033811e+13 0.000000e+00
2.650000e+00 9.353465e+12 0.000000e+00
2.680000e+00 8.074708e+12 0.000000e+00
2.700000e+00 6.599805e+12 0.000000e+00
2.730000e+00 5.225738e+12 0.000000e+00
2.750000e+00 4.703032e+12 0.000000e+00
2.780000e+00 5.825147e+12 0.000000e+00
2.810000e+00 8.241718e+12 0.000000e+00
2.830000e+00 1.127001e+13 0.000000e+00
2.860000e+00 1.449063e+13 0.000000e+00
2.880000e+00 1.759295e+13 0.000000e+00
2.910000e+00 2.026764e+13 0.000000e+00
2.940000e+00 2.217522e+13 0.000000e+00
2.960000e+00 2.296623e+13 0.000000e+00
2.990000e+00 2.240406e+13 0.000000e+00
3.020000e+00 2.082779e+13 0.000000e+00
3.050000e+00 2.060894e+13 0.000000e+00
3.080000e+00 2.731011e+13 0.000000e+00
3.100000e+00 4.453766e+13 0.000000e+00
3.130000e+00 7.265327e+13 0.000000e+00
3.160000e+00 1.127163e+14 0.000000e+00
3.190000e+00 1.669233e+14 0.000000e+00
3.220000e+00 2.382996e+14 0.000000e+00
3.250000e+00 3.306170e+14 0.000000e+00
3.280000e+00 4.484366e+14 0.000000e+00
3.310000e+00 5.972069e+14 0.000000e+00
3.340000e+00 7.833960e+14 0.000000e+00
3.370000e+00 1.014652e+15 0.000000e+00
3.400000e+00 1.299991e+15 0.000000e+00
3.440000e+00 1.650018e+15 0.000000e+00
3.470000e+00 2.077178e+15 0.000000e+00
3.500000e+00 2.596034e+15 0.000000e+00
3.530000e+00 3.223491e+15 0.000000e+00
3.560000e+00 3.978390e+15 0.000000e+00
3.600000e+00 4.881884e+15 0.000000e+00
3.630000e+00 5.966370e+15 0.000000e+00
3.660000e+00 7.262491e+15 0.000000e+00
3.700000e+00 8.804629e+15 0.000000e+00
3.730000e+00 1.063477e+16 0.000000e+00
3.770000e+00 1.280177e+16 0.000000e+00
3.800000e+00 1.536218e+16 0.000000e+00
3.840000e+00 1.838142e+16 0.000000e+00
3.870000e+00 2.193514e+16 0.000000e+00
3.910000e+00 2.611085e+16 0.000000e+00
3.940000e+00 3.100973e+16 0.000000e+00
3.980000e+00 3.674888e+16 0.000000e+00
4.020000e+00 4.346391e+16 0.000000e+00
4.060000e+00 5.131209e+16 0.000000e+00
4.090000e+00 6.047620e+16 0.000000e+00
4.130000e+00 7.116932e+16 0.000000e+00
4.170000e+00 8.364099e+16 0.000000e+00
4.210000e+00 9.818531e+16 0.000000e+00
4.250000e+00 1.151520e+17 0.000000e+00
4.290000e+00 1.349624e+17 0.000000e+00
4.330000e+00 1.581328e+17 0.000000e+00
4.370000e+00 1.853125e+17 0.000000e+00
4.410000e+00 2.173454e+17 0.000000e+00
4.450000e+00 2.553798e+17 0.000000e+00
4.490000e+00 3.010665e+17 0.000000e+00
4.530000e+00 3.569146e+17 0.000000e+00
4.570000e+00 4.267671e+17 0.000000e+00
4.610000e+00 5.146278e+17 0.000000e+00
4.660000e+00 6.038536e+17 0.000000e+00
4.700000e+00 5.749788e+17 0.000000e+00
4.740000e+00 4.779518e+17 0.000000e+00
4.790000e+00 5.180197e+17 0.000000e+00
4.830000e+00 6.170109e+17 0.000000e+00
4.880000e+00 7.319806e+17 0.000000e+00
4.920000e+00 8.563085e+17 0.000000e+00
4.970000e+00 9.899642e+17 0.000000e+00
5.010000e+00 1.133491e+18 0.000000e+00
5.060000e+00 1.286837e+18 0.000000e+00
5.110000e+00 1.448912e+18 0.000000e+00
5.150000e+00 1.617152e+18 0.000000e+00
5.200000e+00 1.786885e+18 0.000000e+00
5.250000e+00 1.950452e+18 0.000000e+00
5.300000e+00 2.096004e+18 0.000000e+00
5.350000e+00 2.206115e+18 0.000000e+00
5.400000e+00 2.256815e+18 0.000000e+00
5.450000e+00 2.219808e+18 0.000000e+00
5.500000e+00 2.078987e+18 0.000000e+00
5.550000e+00 1.906055e+18 0.000000e+00
5.600000e+00 2.081523e+18 0.000000e+00
5.650000e+00 3.216655e+18 0.000000e+00
5.700000e+00 5.440642e+18 0.000000e+00
5.750000e+00 8.524927e+18 0.000000e+00
5.810000e+00 1.188330e+19 0.000000e+00
5.860000e+00 1.443470e+19 0.000000e+00
5.920000e+00 1.514765e+19 0.000000e+00
5.970000e+00 1.388242e+19 0.000000e+00
6.030000e+00 1.139266e+19 0.000000e+00
6.080000e+00 8.894637e+18 0.000000e+00
6.140000e+00 8.095210e+18 0.000000e+00
6.190000e+00 1.013580e+19 0.000000e+00
6.250000e+00 1.415918e+19 0.000000e+00
6.310000e+00 1.922565e+19 0.000000e+00
6.370000e+00 2.499878e+19 0.000000e+00
6.430000e+00 3.141572e+19 0.000000e+00
6.490000e+00 3.851663e+19 0.000000e+00
6.550000e+00 4.638699e+19 0.000000e+00
6.610000e+00 5.513772e+19 0.000000e+00
6.670000e+00 6.489853e+19 0.000000e+00
6.730000e+00 7.581557e+19 0.000000e+00
6.790000e+00 8.805267e+19 0.000000e+00
6.850000e+00 1.017930e+20 0.000000e+00
6.920000e+00 1.172404e+20 0.000000e+00
6.980000e+00 1.346236e+20 0.000000e+00
7.050000e+00 1.541971e+20 0.000000e+00
7.110000e+00 1.762467e+20 0.000000e+00
7.180000e+00 2.010969e+20 0.000000e+00
7.240000e+00 2.290981e+20 0.000000e+00
7.310000e+00 2.606688e+20 0.000000e+00
7.380000e+00 2.962448e+20 0.000000e+00
7.450000e+00 3.363365e+20 0.000000e+00
7.520000e+00 3.815308e+20 0.000000e+00
7.590000e+00 4.324219e+20 0.000000e+00
7.660000e+00 4.898194e+20 0.000000e+00
7.730000e+00 5.544498e+20 0.000000e+00
7.800000e+00 6.273252e+20 0.000000e+00
7.870000e+00 7.093221e+20 0.000000e+00
7.940000e+00 8.016926e+20 0.000000e+00
8.020000e+00 9.055132e+20 0.000000e+00
8.090000e+00 1.022690e+21 0.000000e+00
8.170000e+00 1.154613e+21 0.000000e+00
8.240000e+00 1.301503e+21 0.000000e+00
8.320000e+00 1.469925e+21 0.000000e+00
8.390000e+00 1.655864e+21 0.000000e+00
8.470000e+00 1.869155e+21 0.000000e+00
8.550000e+00 2.103715e+21 0.000000e+00
8.630000e+00 2.368229e+21 0.000000e+00
8.710000e+00 2.668294e+21 0.000000e+00
8.790000e+00 3.001306e+21 0.000000e+00
8.870000e+00 3.386793e+21 0.000000e+00
8.950000e+00 3.808224e+21 0.000000e+00
9.040000e+00 4.266736e+21 0.000000e+00
9.120000e+00 4.783127e+21 0.000000e+00
9.200000e+00 5.432000e+21 0.000000e+00
9.290000e+00 6.099985e+21 0.000000e+00
9.380000e+00 6.858224e+21 0.000000e+00
9.460000e+00 7.658881e+21 0.000000e+00
9.550000e+00 8.826505e+21 0.000000e+00
9.640000e+00 9.987581e+21 0.000000e+00
9.730000e+00 1.077343e+22 0.000000e+00
9.820000e+00 1.177939e+22 0.000000e+00
9.910000e+00 1.313245e+22 0.000000e+00
1.000000e+01 1.509235e+22 0.000000e+00
1.009000e+01 1.831196e+22 0.000000e+00
1.019000e+01 1.833156e+22 0.000000e+00
1.028000e+01 2.525200e+22 0.000000e+00
1.038000e+01 2.530162e+22 0.000000e+00
1.047000e+01 2.534855e+22 0.000000e+00
1.057000e+01 2.539489e+22 0.000000e+00
1.067000e+01 8.333333e+22 0.000000e+00
1.076000e+01 8.488964e+22 0.000000e+00
1.086000e+01 8.643043e+22 0.000000e+00
1.096000e+01 8.802817e+22 0.000000e+00
1.107000e+01 8.968610e+22 0.000000e+00
1.117000e+01 9.132420e+22 0.000000e+00
1.127000e+01 9.302326e+22 0.000000e+00
1.138000e+01 9.478673e+22 0.000000e+00
1.148000e+01 9.652510e+22 0.000000e+00
1.159000e+01 9.832841e+22 0.000000e+00
1.169000e+01 1.001502e+23 0.000000e+00
1.180000e+01 1.019992e+23 0.000000e+00
1.191000e+01 1.038961e+23 0.000000e+00
1.202000e+01 1.058201e+23 0.000000e+00
1.213000e+01 1.077819e+23 0.000000e+00
1.225000e+01 1.097815e+23 0.000000e+00
1.236000e+01 1.118193e+23 0.000000e+00
1.247000e+01 1.138822e+23 0.000000e+00
1.259000e+01 1.159958e+23 0.000000e+00
1.271000e+01 1.181474e+23 0.000000e+00
1.282000e+01 1.203369e+23 0.000000e+00
1.294000e+01 1.225640e+23 0.000000e+00
1.306000e+01 1.248439e+23 0.000000e+00
1.318000e+01 1.271456e+23 0.000000e+00
1.330000e+01 1.295001e+23 0.000000e+00
1.343000e+01 1.319087e+23 0.000000e+00
1.355000e+01 1.343364e+23 0.000000e+00
1.368000e+01 1.368363e+23 0.000000e+00
1.380000e+01 1.393534e+23 0.000000e+00
1.393000e+01 1.419446e+23 0.000000e+00
1.406000e+01 1.445713e+23 0.000000e+00
1.419000e+01 1.472320e+23 0.000000e+00
1.432000e+01 1.499700e+23 0.000000e+00
1.445000e+01 1.527417e+23 0.000000e+00
1.459000e+01 1.555452e+23 0.000000e+00
1.472000e+01 1.584284e+23 0.000000e+00
1.486000e+01 1.613684e+23 0.000000e+00
1.500000e+01 1.643385e+23 0.000000e+00
1.514000e+01 1.673640e+23 0.000000e+00
1.528000e+01 1.704739e+23 0.000000e+00
1.542000e+01 1.736111e+23 0.000000e+00
1.556000e+01 1.768034e+23 0.000000e+00
1.570000e+01 1.800828e+23 0.000000e+00
1.585000e+01 1.833853e+23 0.000000e+00
1.600000e+01 1.867762e+23 0.000000e+00
1.614000e+01 1.902226e+23 0.000000e+00
1.629000e+01 1.937234e+23 0.000000e+00
1.644000e+01 1.972776e+23 0.000000e+00
1.660000e+01 2.009243e+23 0.000000e+00
1.675000e+01 2.046245e+23 0.000000e+00
1.690000e+01 2.083768e+23 0.000000e+00
1.706000e+01 2.121791e+23 0.000000e+00
1.722000e+01 2.160761e+23 0.000000e+00
1.738000e+01 2.200704e+23 0.000000e+00
1.754000e+01 2.241147e+23 0.000000e+00
1.770000e+01 2.282063e+23 0.000000e+00
1.786000e+01 2.323960e+23 0.000000e+00
1.803000e+01 2.366304e+23 0.000000e+00
1.820000e+01 2.409639e+23 0.000000e+00
1.837000e+01 2.453988e+23 0.000000e+00
1.854000e+01 2.498751e+23 0.000000e+00
1.871000e+01 2.544529e+23 0.000000e+00
1.888000e+01 2.590673e+23 0.000000e+00
1.905000e+01 2.638522e+23 0.000000e+00
1.923000e+01 2.686728e+23 0.000000e+00
1.941000e+01 2.735230e+23 0.000000e+00
1.959000e+01 2.784740e+23 0.000000e+00
1.977000e+01 2.836075e+23 0.000000e+00
1.995000e+01 2.887670e+23 0.000000e+00
2.014000e+01 2.939447e+23 0.000000e+00
2.032000e+01 2.993116e+23 0.000000e+00
2.051000e+01 3.046923e+23 0.000000e+00
2.070000e+01 3.102699e+23 0.000000e+00
2.089000e+01 3.158560e+23 0.000000e+00
2.109000e+01 3.215434e+23 0.000000e+00
2.128000e+01 3.273322e+23 0.000000e+00
2.148000e+01 3.332223e+23 0.000000e+00
2.168000e+01 3.392130e+23 0.000000e+00
2.188000e+01 3.453039e+23 0.000000e+00
2.208000e+01 3.514938e+23 0.000000e+00
2.228000e+01 3.579098e+23 0.000000e+00
2.249000e+01 3.642987e+23 0.000000e+00
2.270000e+01 3.707823e+23 0.000000e+00
2.291000e+01 3.773585e+23 0.000000e+00
2.312000e+01 3.840246e+23 0.000000e+00
2.333000e+01 3.909304e+23 0.000000e+00
2.355000e+01 3.977725e+23 0.000000e+00
2.377000e+01 4.048583e+23 0.000000e+00
2.399000e+01 4.120313e+23 0.000000e+00
2.421000e+01 4.192872e+23 0.000000e+00
2.443000e+01 4.266212e+23 0.000000e+00
2.466000e+01 4.342163e+23 0.000000e+00
2.489000e+01 4.416961e+23 0.000000e+00
2.512000e+01 4.494382e+23 0.000000e+00
2.535000e+01 4.572474e+23 0.000000e+00
2.559000e+01 4.653327e+23 0.000000e+00
2.582000e+01 4.732608e+23 0.000000e+00
2.606000e+01 4.814637e+23 0.000000e+00
2.630000e+01 4.897160e+23 0.000000e+00
2.655000e+01 4.982561e+23 0.000000e+00
2.679000e+01 5.065856e+23 0.000000e+00
2.704000e+01 5.151984e+23 0.000000e+00
2.729000e+01 5.241090e+23 0.000000e+00
2.754000e+01 5.327650e+23 0.000000e+00
2.780000e+01 5.420054e+23 0.000000e+00
2.805000e+01 5.509642e+23 0.000000e+00
2.831000e+01 5.602241e+23 0.000000e+00
2.858000e+01 5.694761e+23 0.000000e+00
2.884000e+01 5.787037e+23 0.000000e+00
2.911000e+01 5.882353e+23 0.000000e+00
2.938000e+01 5.980861e+23 0.000000e+00
2.965000e+01 6.079027e+23 0.000000e+00
2.992000e+01 6.176652e+23 0.000000e+00
3.020000e+01 6.273526e+23 0.000000e+00
3.048000e+01 6.377551e+23 0.000000e+00
3.076000e+01 6.476684e+23 0.000000e+00
3.105000e+01 6.578947e+23 0.000000e+00
3.133000e+01 6.684492e+23 0.000000e+00
3.162000e+01 6.784260e+23 0.000000e+00
3.192000e+01 6.891799e+23 0.000000e+00
3.221000e+01 6.997900e+23 0.000000e+00
3.251000e+01 7.102273e+23 0.000000e+00
3.281000e+01 7.209805e+23 0.000000e+00
3.311000e+01 7.320644e+23 0.000000e+00
3.342000e+01 7.423905e+23 0.000000e+00
3.373000e+01 7.535795e+23 0.000000e+00
3.404000e+01 7.645260e+23 0.000000e+00
3.436000e+01 7.751938e+23 0.000000e+00
3.467000e+01 7.861635e+23 0.000000e+00
3.499000e+01 7.974482e+23 0.000000e+00
3.532000e+01 8.084075e+23 0.000000e+00
3.565000e+01 8.196721e+23 0.000000e+00
3.597000e+01 8.305648e+23 0.000000e+00
3.631000e+01 8.417509e+23 0.000000e+00
3.664000e+01 8.525149e+23 0.000000e+00
3.698000e+01 8.635579e+23 0.000000e+00
3.733000e+01 8.748906e+23 0.000000e+00
3.767000e+01 8.857396e+23 0.000000e+00
3.802000e+01 8.968610e+23 0.000000e+00
3.837000e+01 9.074410e+23 0.000000e+00
3.873000e+01 9.182736e+23 0.000000e+00
3.908000e+01 9.293681e+23 0.000000e+00
3.945000e+01 9.398496e+23 0.000000e+00
3.981000e+01 9.505704e+23 0.000000e+00
4.018000e+01 9.615385e+23 0.000000e+00
4.055000e+01 9.718173e+23 0.000000e+00
4.093000e+01 9.813542e+23 0.000000e+00
4.130000e+01 9.920635e+23 0.000000e+00
4.169000e+01 1.001803e+24 0.000000e+00
4.207000e+01 1.011634e+24 0.000000e+00
4.246000e+01 1.021346e+24 0.000000e+00
4.285000e+01 1.030822e+24 0.000000e+00
4.325000e+01 1.040042e+24 0.000000e+00
4.365000e+01 1.049098e+24 0.000000e+00
4.406000e+01 1.057977e+24 0.000000e+00
4.446000e+01 1.066667e+24 0.000000e+00
4.487000e+01 1.075153e+24 0.000000e+00
4.529000e+01 1.083306e+24 0.000000e+00
4.571000e+01 1.091346e+24 0.000000e+00
4.613000e+01 1.099022e+24 0.000000e+00
4.656000e+01 1.106439e+24 0.000000e+00
4.699000e+01 1.113710e+24 0.000000e+00
4.742000e+01 1.120574e+24 0.000000e+00
4.786000e+01 1.127269e+24 0.000000e+00
4.831000e+01 1.133530e+24 0.000000e+00
4.875000e+01 1.139601e+24 0.000000e+00
4.920000e+01 1.145344e+24 0.000000e+00
4.966000e+01 1.150880e+24 0.000000e+00
5.012000e+01 1.156069e+24 0.000000e+00
5.058000e+01 1.160901e+24 0.000000e+00
5.105000e+01 1.165501e+24 0.000000e+00
5.152000e+01 1.169727e+24 0.000000e+00
5.200000e+01 1.173571e+24 0.000000e+00
5.248000e+01 1.177163e+24 0.000000e+00
5.297000e+01 1.180498e+24 0.000000e+00
5.346000e+01 1.183572e+24 0.000000e+00
5.395000e+01 1.186240e+24 0.000000e+00
5.445000e+01 1.188495e+24 0.000000e+00
5.495000e+01 1.190618e+24 0.000000e+00
5.546000e+01 1.192322e+24 0.000000e+00
5.598000e+01 1.193745e+24 0.000000e+00
5.649000e+01 1.194886e+24 0.000000e+00
5.702000e+01 1.195743e+24 0.000000e+00
5.754000e+01 1.196315e+24 0.000000e+00
5.808000e+01 1.196602e+24 0.000000e+00
5.861000e+01 1.196602e+24 0.000000e+00
5.916000e+01 1.196315e+24 0.000000e+00
5.970000e+01 1.195743e+24 0.000000e+00
6.026000e+01 1.194886e+24 0.000000e+00
6.081000e+01 1.193887e+24 0.000000e+00
6.138000e+01 1.192464e+24 0.000000e+00
6.194000e+01 1.190901e+24 0.000000e+00
6.252000e+01 1.189061e+24 0.000000e+00
6.310000e+01 1.186944e+24 0.000000e+00
6.368000e+01 1.184694e+24 0.000000e+00
6.427000e+01 1.182173e+24 0.000000e+00
6.486000e+01 1.179524e+24 0.000000e+00
6.546000e+01 1.176471e+24 0.000000e+00
6.607000e+01 1.173433e+24 0.000000e+00
6.668000e+01 1.170001e+24 0.000000e+00
6.730000e+01 1.166453e+24 0.000000e+00
6.792000e+01 1.162791e+24 0.000000e+00
6.855000e+01 1.158883e+24 0.000000e+00
6.918000e+01 1.154868e+24 0.000000e+00
6.982000e+01 1.150748e+24 0.000000e+00
7.047000e+01 1.146395e+24 0.000000e+00
7.112000e+01 1.141813e+24 0.000000e+00
7.178000e+01 1.137268e+24 0.000000e+00
7.244000e+01 1.132503e+24 0.000000e+00
7.311000e+01 1.127523e+24 0.000000e+00
7.379000e+01 1.122586e+24 0.000000e+00
7.447000e+01 1.117443e+24 0.000000e+00
7.516000e+01 1.112223e+24 0.000000e+00
7.586000e+01 1.106807e+24 0.000000e+00
7.656000e+01 1.101322e+24 0.000000e+00
7.727000e+01 1.095890e+24 0.000000e+00
7.798000e+01 1.090275e+24 0.000000e+00
7.870000e+01 1.084481e+24 0.000000e+00
7.943000e+01 1.078749e+24 0.000000e+00
8.017000e+01 1.072846e+24 0.000000e+00
8.091000e+01 1.067008e+24 0.000000e+00
8.166000e+01 1.061008e+24 0.000000e+00
8.241000e+01 1.054964e+24 0.000000e+00
8.318000e+01 1.048768e+24 0.000000e+00
8.395000e+01 1.042644e+24 0.000000e+00
8.472000e+01 1.036484e+24 0.000000e+00
8.551000e+01 1.030184e+24 0.000000e+00
8.630000e+01 1.023961e+24 0.000000e+00
8.710000e+01 1.017605e+24 0.000000e+00
8.790000e+01 1.011225e+24 0.000000e+00
8.872000e+01 1.004924e+24 0.000000e+00
8.954000e+01 9.980040e+23 0.000000e+00
9.036000e+01 9.920635e+23 0.000000e+00
9.120000e+01 9.852217e+23 0.000000e+00
9.204000e+01 9.794319e+23 0.000000e+00
9.290000e+01 9.727626e+23 0.000000e+00
9.376000e+01 9.661836e+23 0.000000e+00
9.462000e+01 9.596929e+23 0.000000e+00
9.550000e+01 9.532888e+23 0.000000e+00
9.638000e+01 9.469697e+23 0.000000e+00
9.727000e+01 9.398496e+23 0.000000e+00
9.817000e+01 9.337068e+23 0.000000e+00
9.908000e+01 9.267841e+23 0.000000e+00
1.000000e+02 9.208103e+23 0.000000e+00
1.009300e+02 9.140768e+23 0.000000e+00
1.018600e+02 9.074410e+23 0.000000e+00
1.028000e+02 9.009009e+23 0.000000e+00
1.037500e+02 8.944544e+23 0.000000e+00
1.047100e+02 8.880994e+23 0.000000e+00
1.056800e+02 8.810573e+23 0.000000e+00
1.066600e+02 8.748906e+23 0.000000e+00
1.076500e+02 8.688097e+23 0.000000e+00
1.086400e+02 8.620689e+23 0.000000e+00
1.096500e+02 8.554320e+23 0.000000e+00
1.106600e+02 8.488965e+23 0.000000e+00
1.116900e+02 8.431703e+23 0.000000e+00
1.127200e+02 8.361204e+23 0.000000e+00
1.137600e+02 8.298755e+23 0.000000e+00
1.148200e+02 8.237232e+23 0.000000e+00
1.158800e+02 8.176615e+23 0.000000e+00
1.169500e+02 8.110300e+23 0.000000e+00
1.180300e+02 8.051530e+23 0.000000e+00
1.191200e+02 7.987221e+23 0.000000e+00
1.202300e+02 7.923931e+23 0.000000e+00
1.213400e+02 7.861635e+23 0.000000e+00
1.224600e+02 7.800312e+23 0.000000e+00
1.235900e+02 7.739938e+23 0.000000e+00
1.247400e+02 7.680491e+23 0.000000e+00
1.258900e+02 7.621951e+23 0.000000e+00
1.270600e+02 7.558579e+23 0.000000e+00
1.282300e+02 7.496252e+23 0.000000e+00
1.294200e+02 7.440476e+23 0.000000e+00
1.306200e+02 7.380074e+23 0.000000e+00
1.318300e+02 7.320644e+23 0.000000e+00
1.330500e+02 7.262164e+23 0.000000e+00
1.342800e+02 7.204611e+23 0.000000e+00
1.355200e+02 7.142857e+23 0.000000e+00
1.367700e+02 7.087172e+23 0.000000e+00
1.380400e+02 7.032349e+23 0.000000e+00
1.393200e+02 6.973501e+23 0.000000e+00
1.406000e+02 6.915629e+23 0.000000e+00
1.419100e+02 6.858710e+23 0.000000e+00
1.432200e+02 6.802721e+23 0.000000e+00
1.445400e+02 6.747638e+23 0.000000e+00
1.458800e+02 6.693440e+23 0.000000e+00
1.472300e+02 6.635700e+23 0.000000e+00
1.485900e+02 6.583279e+23 0.000000e+00
1.499700e+02 6.527415e+23 0.000000e+00
1.513600e+02 6.472492e+23 0.000000e+00
1.527600e+02 6.418485e+23 0.000000e+00
1.541700e+02 6.365372e+23 0.000000e+00
1.556000e+02 6.313131e+23 0.000000e+00
1.570400e+02 6.261741e+23 0.000000e+00
1.584900e+02 6.207325e+23 0.000000e+00
1.599600e+02 6.153846e+23 0.000000e+00
1.614400e+02 6.105006e+23 0.000000e+00
1.629300e+02 6.053269e+23 0.000000e+00
1.644400e+02 6.002401e+23 0.000000e+00
1.659600e+02 5.952381e+23 0.000000e+00
1.674900e+02 5.899705e+23 0.000000e+00
1.690400e+02 5.851375e+23 0.000000e+00
1.706100e+02 5.800464e+23 0.000000e+00
1.721900e+02 5.750431e+23 0.000000e+00
1.737800e+02 5.701254e+23 0.000000e+00
1.753900e+02 5.652911e+23 0.000000e+00
1.770100e+02 5.605381e+23 0.000000e+00
1.786500e+02 5.558644e+23 0.000000e+00
1.803000e+02 5.509642e+23 0.000000e+00
1.819700e+02 5.464481e+23 0.000000e+00
1.836500e+02 5.417118e+23 0.000000e+00
1.853500e+02 5.370569e+23 0.000000e+00
1.870700e+02 5.324814e+23 0.000000e+00
1.888000e+02 5.277045e+23 0.000000e+00
1.905500e+02 5.232862e+23 0.000000e+00
1.923100e+02 5.186722e+23 0.000000e+00
1.940900e+02 5.144033e+23 0.000000e+00
1.958800e+02 5.099439e+23 0.000000e+00
1.977000e+02 5.053057e+23 0.000000e+00
1.995300e+02 5.010020e+23 0.000000e+00
2.013700e+02 4.967710e+23 0.000000e+00
2.032400e+02 4.923683e+23 0.000000e+00
2.051200e+02 4.880430e+23 0.000000e+00
2.070100e+02 4.837929e+23 0.000000e+00
2.089300e+02 4.796163e+23 0.000000e+00
2.108600e+02 4.755112e+23 0.000000e+00
2.128100e+02 4.712535e+23 0.000000e+00
2.147800e+02 4.672897e+23 0.000000e+00
2.167700e+02 4.631774e+23 0.000000e+00
2.187800e+02 4.591368e+23 0.000000e+00
2.208000e+02 4.551662e+23 0.000000e+00
2.228400e+02 4.510600e+23 0.000000e+00
2.249100e+02 4.472272e+23 0.000000e+00
2.269900e+02 4.432624e+23 0.000000e+00
2.290900e+02 4.393673e+23 0.000000e+00
2.312100e+02 4.355401e+23 0.000000e+00
2.333500e+02 4.315926e+23 0.000000e+00
2.355000e+02 4.278990e+23 0.000000e+00
2.376800e+02 4.240882e+23 0.000000e+00
2.398800e+02 4.203447e+23 0.000000e+00
2.421000e+02 4.166667e+23 0.000000e+00
2.443400e+02 4.128819e+23 0.000000e+00
2.466000e+02 4.093328e+23 0.000000e+00
2.488900e+02 4.056795e+23 0.000000e+00
2.511900e+02 4.020909e+23 0.000000e+00
2.535100e+02 3.985652e+23 0.000000e+00
2.558600e+02 3.949447e+23 0.000000e+00
2.582300e+02 3.915427e+23 0.000000e+00
2.606200e+02 3.880481e+23 0.000000e+00
2.630300e+02 3.846154e+23 0.000000e+00
2.654600e+02 3.810976e+23 0.000000e+00
2.679200e+02 3.777862e+23 0.000000e+00
2.704000e+02 3.743916e+23 0.000000e+00
2.729000e+02 3.710575e+23 0.000000e+00
2.754200e+02 3.677823e+23 0.000000e+00
2.779700e+02 3.645644e+23 0.000000e+00
2.805400e+02 3.612717e+23 0.000000e+00
2.831400e+02 3.580379e+23 0.000000e+00
2.857600e+02 3.548616e+23 0.000000e+00
2.884000e+02 3.517411e+23 0.000000e+00
2.910700e+02 3.485535e+23 0.000000e+00
2.937700e+02 3.454231e+23 0.000000e+00
2.964800e+02 3.423485e+23 0.000000e+00
2.992300e+02 3.393281e+23 0.000000e+00
3.020000e+02 3.362475e+23 0.000000e+00
3.047900e+02 3.332223e+23 0.000000e+00
3.076100e+02 3.302510e+23 0.000000e+00
3.104600e+02 3.273322e+23 0.000000e+00
3.133300e+02 3.243594e+23 0.000000e+00
3.162300e+02 3.214401e+23 0.000000e+00
3.191500e+02 3.185728e+23 0.000000e+00
3.221100e+02 3.157562e+23 0.000000e+00
3.250900e+02 3.128911e+23 0.000000e+00
3.281000e+02 3.100775e+23 0.000000e+00
3.311300e+02 3.073141e+23 0.000000e+00
3.342000e+02 3.045067e+23 0.000000e+00
3.372900e+02 3.018412e+23 0.000000e+00
3.404100e+02 2.991325e+23 0.000000e+00
3.435600e+02 2.963841e+23 0.000000e+00
3.467400e+02 2.937720e+23 0.000000e+00
3.499500e+02 2.911208e+23 0.000000e+00
3.531800e+02 2.884338e+23 0.000000e+00
3.564500e+02 2.858776e+23 0.000000e+00
3.597500e+02 2.832861e+23 0.000000e+00
3.630800e+02 2.807412e+23 0.000000e+00
3.664400e+02 2.782415e+23 0.000000e+00
3.698300e+02 2.757100e+23 0.000000e+00
3.732500e+02 2.732241e+23 0.000000e+00
3.767000e+02 2.707826e+23 0.000000e+00
3.801900e+02 2.683123e+23 0.000000e+00
3.837100e+02 2.658867e+23 0.000000e+00
3.872600e+02 2.635046e+23 0.000000e+00
3.908400e+02 2.610966e+23 0.000000e+00
3.944600e+02 2.587322e+23 0.000000e+00
3.981100e+02 2.564102e+23 0.000000e+00
4.017900e+02 2.540650e+23 0.000000e+00
4.055100e+02 2.518257e+23 0.000000e+00
4.092600e+02 2.495010e+23 0.000000e+00
4.130500e+02 2.472799e+23 0.000000e+00
4.168700e+02 2.450380e+23 0.000000e+00
4.207300e+02 2.427774e+23 0.000000e+00
4.246200e+02 2.406160e+23 0.000000e+00
4.285500e+02 2.384359e+23 0.000000e+00
4.325100e+02 2.362949e+23 0.000000e+00
4.365200e+02 2.341372e+23 0.000000e+00
4.405500e+02 2.320186e+23 0.000000e+00
4.446300e+02 2.298851e+23 0.000000e+00
4.487500e+02 2.278423e+23 0.000000e+00
4.529000e+02 2.257336e+23 0.000000e+00
4.570900e+02 2.237137e+23 0.000000e+00
4.613200e+02 2.216803e+23 0.000000e+00
4.655900e+02 2.196837e+23 0.000000e+00
4.698900e+02 2.176752e+23 0.000000e+00
4.742400e+02 2.157032e+23 0.000000e+00
4.786300e+02 2.137209e+23 0.000000e+00
4.830600e+02 2.118195e+23 0.000000e+00
4.875300e+02 2.098636e+23 0.000000e+00
4.920400e+02 2.079867e+23 0.000000e+00
4.965900e+02 2.061006e+23 0.000000e+00
5.011900e+02 2.042067e+23 0.000000e+00
5.058200e+02 2.023472e+23 0.000000e+00
5.105100e+02 2.005214e+23 0.000000e+00
5.152300e+02 1.986887e+23 0.000000e+00
5.200000e+02 1.968891e+23 0.000000e+00
5.248100e+02 1.950839e+23 0.000000e+00
5.296600e+02 1.933114e+23 0.000000e+00
5.345600e+02 1.915709e+23 0.000000e+00
5.395100e+02 1.898254e+23 0.000000e+00
5.445000e+02 1.881114e+23 0.000000e+00
5.495400e+02 1.863933e+23 0.000000e+00
5.546300e+02 1.846722e+23 0.000000e+00
5.597600e+02 1.830161e+23 0.000000e+00
5.649400e+02 1.813237e+23 0.000000e+00
5.701600e+02 1.796945e+23 0.000000e+00
5.754400e+02 1.780627e+23 0.000000e+00
5.807600e+02 1.764291e+23 0.000000e+00
5.861400e+02 1.748252e+23 0.000000e+00
5.915600e+02 1.732202e+23 0.000000e+00
5.970400e+02 1.716444e+23 0.000000e+00
6.025600e+02 1.700970e+23 0.000000e+00
6.081400e+02 1.685488e+23 0.000000e+00
6.137600e+02 1.670007e+23 0.000000e+00
6.194400e+02 1.654807e+23 0.000000e+00
6.251700e+02 1.639613e+23 0.000000e+00
6.309600e+02 1.624695e+23 0.000000e+00
6.368000e+02 1.610047e+23 0.000000e+00
6.426900e+02 1.595405e+23 0.000000e+00
6.486300e+02 1.580778e+23 0.000000e+00
6.546400e+02 1.566416e+23 0.000000e+00
6.606900e+02 1.552072e+23 0.000000e+00
6.668100e+02 1.537988e+23 0.000000e+00
6.729800e+02 1.523926e+23 0.000000e+00
6.792000e+02 1.509890e+23 0.000000e+00
6.854900e+02 1.496110e+23 0.000000e+00
6.918300e+02 1.482580e+23 0.000000e+00
6.982300e+02 1.469076e+23 0.000000e+00
7.046900e+02 1.455604e+23 0.000000e+00
7.112100e+02 1.442377e+23 0.000000e+00
7.177900e+02 1.429184e+23 0.000000e+00
7.244400e+02 1.416029e+23 0.000000e+00
7.311400e+02 1.403115e+23 0.000000e+00
7.379000e+02 1.390434e+23 0.000000e+00
7.447300e+02 1.377600e+23 0.000000e+00
7.516200e+02 1.365188e+23 0.000000e+00
7.585800e+02 1.352631e+23 0.000000e+00
7.656000e+02 1.340303e+23 0.000000e+00
7.726800e+02 1.328021e+23 0.000000e+00
7.798300e+02 1.315963e+23 0.000000e+00
7.870500e+02 1.303951e+23 0.000000e+00
7.943300e+02 1.291990e+23 0.000000e+00
8.016800e+02 1.280246e+23 0.000000e+00
8.091000e+02 1.268553e+23 0.000000e+00
8.165800e+02 1.256913e+23 0.000000e+00
8.241400e+02 1.245330e+23 0.000000e+00
8.317600e+02 1.233959e+23 0.000000e+00
8.394600e+02 1.222793e+23 0.000000e+00
8.472300e+02 1.211534e+23 0.000000e+00
8.550700e+02 1.200480e+23 0.000000e+00
8.629800e+02 1.189485e+23 0.000000e+00
8.709600e+02 1.178689e+23 0.000000e+00
8.790200e+02 1.167815e+23 0.000000e+00
8.871600e+02 1.157140e+23 0.000000e+00
8.953700e+02 1.146657e+23 0.000000e+00
9.036500e+02 1.136105e+23 0.000000e+00
9.120100e+02 1.125746e+23 0.000000e+00
9.204500e+02 1.115449e+23 0.000000e+00
9.289700e+02 1.105217e+23 0.000000e+00
9.375600e+02 1.095170e+23 0.000000e+00
9.462400e+02 1.085187e+23 0.000000e+00
9.549900e+02 1.075269e+23 0.000000e+00
9.638300e+02 1.065417e+23 0.000000e+00
9.727500e+02 1.055632e+23 0.000000e+00
9.817500e+02 1.046025e+23 0.000000e+00
9.908300e+02 1.036377e+23 0.000000e+00
1.000000e+03 1.026905e+23 0.000000e+00
1.009250e+03 1.017501e+23 0.000000e+00
1.018590e+03 1.008268e+23 0.000000e+00
1.028020e+03 9.990010e+22 0.000000e+00
1.037530e+03 9.900990e+22 0.000000e+00
1.047130e+03 9.803922e+22 0.000000e+00
1.056820e+03 9.718173e+22 0.000000e+00
1.066600e+03 9.633912e+22 0.000000e+00
1.076470e+03 9.541985e+22 0.000000e+00
1.086430e+03 9.451796e+22 0.000000e+00
1.096480e+03 9.363296e+22 0.000000e+00
1.106620e+03 9.285051e+22 0.000000e+00
1.116860e+03 9.199632e+22 0.000000e+00
1.127200e+03 9.115770e+22 0.000000e+00
1.137630e+03 9.025271e+22 0.000000e+00
1.148150e+03 8.944544e+22 0.000000e+00
1.158780e+03 8.865248e+22 0.000000e+00
1.169500e+03 8.787346e+22 0.000000e+00
1.180320e+03 8.703220e+22 0.000000e+00
1.191240e+03 8.620690e+22 0.000000e+00
1.202260e+03 8.547009e+22 0.000000e+00
1.213390e+03 8.467400e+22 0.000000e+00
1.224620e+03 8.389262e+22 0.000000e+00
1.235950e+03 8.312552e+22 0.000000e+00
1.247380e+03 8.237232e+22 0.000000e+00
1.258930e+03 8.163265e+22 0.000000e+00
1.270570e+03 8.084074e+22 0.000000e+00
1.282330e+03 8.012821e+22 0.000000e+00
1.294200e+03 7.936508e+22 0.000000e+00
1.306170e+03 7.867821e+22 0.000000e+00
1.318260e+03 7.794232e+22 0.000000e+00
1.330450e+03 7.722008e+22 0.000000e+00
1.342770e+03 7.651110e+22 0.000000e+00
1.355190e+03 7.581501e+22 0.000000e+00
1.367730e+03 7.513148e+22 0.000000e+00
1.380380e+03 7.446016e+22 0.000000e+00
1.393160e+03 7.374631e+22 0.000000e+00
1.406050e+03 7.309942e+22 0.000000e+00
1.419060e+03 7.241130e+22 0.000000e+00
1.432190e+03 7.173601e+22 0.000000e+00
1.445440e+03 7.107321e+22 0.000000e+00
1.458810e+03 7.042254e+22 0.000000e+00
1.472310e+03 6.978367e+22 0.000000e+00
1.485940e+03 6.915629e+22 0.000000e+00
1.499690e+03 6.854010e+22 0.000000e+00
1.513560e+03 6.788866e+22 0.000000e+00
1.527570e+03 6.724950e+22 0.000000e+00
1.541700e+03 6.666666e+22 0.000000e+00
1.555970e+03 6.605020e+22 0.000000e+00
1.570360e+03 6.544502e+22 0.000000e+00
1.584890e+03 6.485084e+22 0.000000e+00
1.599560e+03 6.422608e+22 0.000000e+00
1.614360e+03 6.365373e+22 0.000000e+00
1.629300e+03 6.309148e+22 0.000000e+00
1.644370e+03 6.250000e+22 0.000000e+00
1.659590e+03 6.191950e+22 0.000000e+00
1.674940e+03 6.134970e+22 0.000000e+00
1.690440e+03 6.079027e+22 0.000000e+00
1.706080e+03 6.024096e+22 0.000000e+00
1.721870e+03 5.970149e+22 0.000000e+00
1.737800e+03 5.913660e+22 0.000000e+00
1.753880e+03 5.858231e+22 0.000000e+00
1.770110e+03 5.807201e+22 0.000000e+00
1.786490e+03 5.753740e+22 0.000000e+00
1.803020e+03 5.701254e+22 0.000000e+00
1.819700e+03 5.646527e+22 0.000000e+00
1.836540e+03 5.595971e+22 0.000000e+00
1.853530e+03 5.546312e+22 0.000000e+00
1.870680e+03 5.494506e+22 0.000000e+00
1.887990e+03 5.443658e+22 0.000000e+00
1.905460e+03 5.393743e+22 0.000000e+00
1.923090e+03 5.344736e+22 0.000000e+00
1.940890e+03 5.296610e+22 0.000000e+00
1.958850e+03 5.246590e+22 0.000000e+00
1.976970e+03 5.200208e+22 0.000000e+00
1.995260e+03 5.151984e+22 0.000000e+00
2.013720e+03 5.104645e+22 0.000000e+00
2.032360e+03 5.058169e+22 0.000000e+00
2.051160e+03 5.010020e+22 0.000000e+00
2.070140e+03 4.965243e+22 0.000000e+00
2.089300e+03 4.918839e+22 0.000000e+00
2.108630e+03 4.873294e+22 0.000000e+00
2.128140e+03 4.830918e+22 0.000000e+00
2.147830e+03 4.784689e+22 0.000000e+00
2.167700e+03 4.741584e+22 0.000000e+00
2.187760e+03 4.699248e+22 0.000000e+00
2.208010e+03 4.655494e+22 0.000000e+00
2.228440e+03 4.612546e+22 0.000000e+00
2.249060e+03 4.570384e+22 0.000000e+00
2.269870e+03 4.528985e+22 0.000000e+00
2.290870e+03 4.486317e+22 0.000000e+00
2.312070e+03 4.446421e+22 0.000000e+00
2.333460e+03 4.405286e+22 0.000000e+00
2.355050e+03 4.364906e+22 0.000000e+00
2.376840e+03 4.325259e+22 0.000000e+00
2.398830e+03 4.284490e+22 0.000000e+00
2.421030e+03 4.246284e+22 0.000000e+00
2.443430e+03 4.206984e+22 0.000000e+00
2.466040e+03 4.168403e+22 0.000000e+00
2.488860e+03 4.130524e+22 0.000000e+00
2.511890e+03 4.091653e+22 0.000000e+00
2.535130e+03 4.055150e+22 0.000000e+00
2.558590e+03 4.017678e+22 0.000000e+00
2.582260e+03 3.980892e+22 0.000000e+00
2.606150e+03 3.944773e+22 0.000000e+00
2.630270e+03 3.907777e+22 0.000000e+00
2.654610e+03 3.872967e+22 0.000000e+00
2.679170e+03 3.837299e+22 0.000000e+00
2.703960e+03 3.802281e+22 0.000000e+00
2.728980e+03 3.766478e+22 0.000000e+00
2.754230e+03 3.732736e+22 0.000000e+00
2.779710e+03 3.698225e+22 0.000000e+00
2.805430e+03 3.664346e+22 0.000000e+00
2.831390e+03 3.631082e+22 0.000000e+00
2.857590e+03 3.597122e+22 0.000000e+00
2.884030e+03 3.563792e+22 0.000000e+00
2.910720e+03 3.531074e+22 0.000000e+00
2.937650e+03 3.498950e+22 0.000000e+00
2.964830e+03 3.467406e+22 0.000000e+00
2.992270e+03 3.435246e+22 0.000000e+00
3.019950e+03 3.403676e+22 0.000000e+00
3.047900e+03 3.372681e+22 0.000000e+00
3.076100e+03 3.342246e+22 0.000000e+00
3.104560e+03 3.311258e+22 0.000000e+00
3.133290e+03 3.280840e+22 0.000000e+00
3.162280e+03 3.250975e+22 0.000000e+00
3.191540e+03 3.220612e+22 0.000000e+00
3.221070e+03 3.191829e+22 0.000000e+00
3.250870e+03 3.162555e+22 0.000000e+00
3.280950e+03 3.132832e+22 0.000000e+00
3.311310e+03 3.104626e+22 0.000000e+00
3.341950e+03 3.075977e+22 0.000000e+00
3.372870e+03 3.047851e+22 0.000000e+00
3.404080e+03 3.020236e+22 0.000000e+00
3.435580e+03 2.992220e+22 0.000000e+00
3.467370e+03 2.964720e+22 0.000000e+00
3.499450e+03 2.937720e+22 0.000000e+00
3.531830e+03 2.910361e+22 0.000000e+00
3.564510e+03 2.884338e+22 0.000000e+00
3.597490e+03 2.857959e+22 0.000000e+00
3.630780e+03 2.831257e+22 0.000000e+00
3.664380e+03 2.805049e+22 0.000000e+00
3.698280e+03 2.780095e+22 0.000000e+00
3.732500e+03 2.754062e+22 0.000000e+00
3.767040e+03 2.729258e+22 0.000000e+00
3.801900e+03 2.704164e+22 0.000000e+00
3.837070e+03 2.679528e+22 0.000000e+00
3.872580e+03 2.654632e+22 0.000000e+00
3.908410e+03 2.630195e+22 0.000000e+00
3.944570e+03 2.606203e+22 0.000000e+00
3.981070e+03 2.581978e+22 0.000000e+00
4.017910e+03 2.558854e+22 0.000000e+00
4.055090e+03 2.534854e+22 0.000000e+00
4.092610e+03 2.511932e+22 0.000000e+00
4.130480e+03 2.488800e+22 0.000000e+00
4.168700e+03 2.466091e+22 0.000000e+00
4.207270e+03 2.443196e+22 0.000000e+00
4.246200e+03 2.421308e+22 0.000000e+00
4.285490e+03 2.398657e+22 0.000000e+00
4.325140e+03 2.376991e+22 0.000000e+00
4.365160e+03 2.355158e+22 0.000000e+00
4.405550e+03 2.333722e+22 0.000000e+00
4.446310e+03 2.312139e+22 0.000000e+00
4.487460e+03 2.290951e+22 0.000000e+00
4.528980e+03 2.270148e+22 0.000000e+00
4.570880e+03 2.249213e+22 0.000000e+00
4.613180e+03 2.228661e+22 0.000000e+00
4.655860e+03 2.207993e+22 0.000000e+00
4.698940e+03 2.187705e+22 0.000000e+00
4.742420e+03 2.167787e+22 0.000000e+00
4.786300e+03 2.147766e+22 0.000000e+00
4.830590e+03 2.128112e+22 0.000000e+00
4.875290e+03 2.108815e+22 0.000000e+00
4.920400e+03 2.089428e+22 0.000000e+00
4.965930e+03 2.070393e+22 0.000000e+00
5.011870e+03 2.051282e+22 0.000000e+00
5.058250e+03 2.032520e+22 0.000000e+00
5.105050e+03 2.013693e+22 0.000000e+00
5.152290e+03 1.995211e+22 0.000000e+00
5.199960e+03 1.977066e+22 0.000000e+00
5.248080e+03 1.958864e+22 0.000000e+00
5.296640e+03 1.940994e+22 0.000000e+00
5.345650e+03 1.923077e+22 0.000000e+00
5.395110e+03 1.905488e+22 0.000000e+00
5.445030e+03 1.888218e+22 0.000000e+00
5.495410e+03 1.870907e+22 0.000000e+00
5.546260e+03 1.853568e+22 0.000000e+00
5.597580e+03 1.836547e+22 0.000000e+00
5.649370e+03 1.819836e+22 0.000000e+00
5.701650e+03 1.803101e+22 0.000000e+00
5.754400e+03 1.786671e+22 0.000000e+00
5.807650e+03 1.770225e+22 0.000000e+00
5.861380e+03 1.754078e+22 0.000000e+00
5.915620e+03 1.737921e+22 0.000000e+00
5.970360e+03 1.722060e+22 0.000000e+00
6.025600e+03 1.706194e+22 0.000000e+00
6.081350e+03 1.690617e+22 0.000000e+00
6.137620e+03 1.675042e+22 0.000000e+00
6.194410e+03 1.659751e+22 0.000000e+00
6.251730e+03 1.644466e+22 0.000000e+00
6.309580e+03 1.629461e+22 0.000000e+00
6.367960e+03 1.614466e+22 0.000000e+00
6.426880e+03 1.599744e+22 0.000000e+00
6.486350e+03 1.585037e+22 0.000000e+00
6.546360e+03 1.570352e+22 0.000000e+00
6.606940e+03 1.556178e+22 0.000000e+00
6.668070e+03 1.541782e+22 0.000000e+00
6.729770e+03 1.527650e+22 0.000000e+00
6.792040e+03 1.513546e+22 0.000000e+00
6.854890e+03 1.499700e+22 0.000000e+00
6.918310e+03 1.486105e+22 0.000000e+00
6.982330e+03 1.472320e+22 0.000000e+00
7.046930e+03 1.459002e+22 0.000000e+00
7.112140e+03 1.445504e+22 0.000000e+00
7.177950e+03 1.432254e+22 0.000000e+00
7.244360e+03 1.419245e+22 0.000000e+00
7.311390e+03 1.406074e+22 0.000000e+00
7.379050e+03 1.393340e+22 0.000000e+00
7.447320e+03 1.380453e+22 0.000000e+00
7.516230e+03 1.367802e+22 0.000000e+00
7.585780e+03 1.355197e+22 0.000000e+00
7.655970e+03 1.342823e+22 0.000000e+00
7.726810e+03 1.330495e+22 0.000000e+00
7.798300e+03 1.318392e+22 0.000000e+00
7.870460e+03 1.306336e+22 0.000000e+00
7.943290e+03 1.294331e+22 0.000000e+00
8.016780e+03 1.282380e+22 0.000000e+00
8.090960e+03 1.270648e+22 0.000000e+00
8.165830e+03 1.258970e+22 0.000000e+00
8.241380e+03 1.247505e+22 0.000000e+00
8.317640e+03 1.236094e+22 0.000000e+00
8.394600e+03 1.224740e+22 0.000000e+00
8.472280e+03 1.213445e+22 0.000000e+00
8.550670e+03 1.202357e+22 0.000000e+00
8.629790e+03 1.191327e+22 0.000000e+00
8.709640e+03 1.180359e+22 0.000000e+00
8.790230e+03 1.169591e+22 0.000000e+00
8.871560e+03 1.158883e+22 0.000000e+00
8.953650e+03 1.148237e+22 0.000000e+00
9.036500e+03 1.137656e+22 0.000000e+00
9.120110e+03 1.127269e+22 0.000000e+00
9.204500e+03 1.116944e+22 0.000000e+00
9.289670e+03 1.106684e+22 0.000000e+00
9.375620e+03 1.096611e+22 0.000000e+00
9.462380e+03 1.086484e+22 0.000000e+00
9.549930e+03 1.076542e+22 0.000000e+00
9.638290e+03 1.066667e+22 0.000000e+00
9.727480e+03 1.056859e+22 0.000000e+00
9.817480e+03 1.047230e+22 0.000000e+00
9.908320e+03 1.037560e+22 0.000000e+00
