# real and imag parts of the whitening filter for initial LIGO detectors
# data format:  f (Hz)  re(W(f)) im(W(f)) (both in units of rHz/strain)
#
0.000000e+00 1.200385e+12 0.000000e+00
0.100000e+00 1.293551e+12 0.000000e+00
0.200000e+00 1.402395e+12 0.000000e+00
0.300000e+00 1.531239e+12 0.000000e+00
0.400000e+00 1.686153e+12 0.000000e+00
0.500000e+00 1.875940e+12 0.000000e+00
0.600000e+00 2.113870e+12 0.000000e+00
0.700000e+00 2.420921e+12 0.000000e+00
0.800000e+00 2.832332e+12 0.000000e+00
0.900000e+00 3.412201e+12 0.000000e+00
1.000000e+00 4.218235e+12 0.000000e+00
1.010000e+00 4.290630e+12 0.000000e+00
1.020000e+00 4.363801e+12 0.000000e+00
1.030000e+00 4.437423e+12 0.000000e+00
1.040000e+00 4.511495e+12 0.000000e+00
1.050000e+00 4.586020e+12 0.000000e+00
1.060000e+00 4.660918e+12 0.000000e+00
1.070000e+00 4.736239e+12 0.000000e+00
1.080000e+00 4.811903e+12 0.000000e+00
1.090000e+00 4.887872e+12 0.000000e+00
1.100000e+00 4.964159e+12 0.000000e+00
1.110000e+00 5.040704e+12 0.000000e+00
1.120000e+00 5.117472e+12 0.000000e+00
1.130000e+00 5.194454e+12 0.000000e+00
1.140000e+00 5.271593e+12 0.000000e+00
1.150000e+00 5.348852e+12 0.000000e+00
1.160000e+00 5.426172e+12 0.000000e+00
1.170000e+00 5.503547e+12 0.000000e+00
1.180000e+00 5.580886e+12 0.000000e+00
1.190000e+00 5.657997e+12 0.000000e+00
1.200000e+00 5.736313e+12 0.000000e+00
1.210000e+00 5.813007e+12 0.000000e+00
1.220000e+00 5.889802e+12 0.000000e+00
1.240000e+00 5.966409e+12 0.000000e+00
1.250000e+00 6.042734e+12 0.000000e+00
1.260000e+00 6.118678e+12 0.000000e+00
1.270000e+00 6.194213e+12 0.000000e+00
1.280000e+00 6.269239e+12 0.000000e+00
1.290000e+00 6.343688e+12 0.000000e+00
1.310000e+00 6.417538e+12 0.000000e+00
1.320000e+00 6.490640e+12 0.000000e+00
1.330000e+00 6.562971e+12 0.000000e+00
1.340000e+00 6.634423e+12 0.000000e+00
1.360000e+00 6.704929e+12 0.000000e+00
1.370000e+00 6.774425e+12 0.000000e+00
1.380000e+00 6.842753e+12 0.000000e+00
1.390000e+00 6.909895e+12 0.000000e+00
1.410000e+00 6.975739e+12 0.000000e+00
1.420000e+00 7.040171e+12 0.000000e+00
1.430000e+00 7.103080e+12 0.000000e+00
1.450000e+00 7.164402e+12 0.000000e+00
1.460000e+00 7.223972e+12 0.000000e+00
1.470000e+00 7.281730e+12 0.000000e+00
1.490000e+00 7.337565e+12 0.000000e+00
1.500000e+00 7.391256e+12 0.000000e+00
1.510000e+00 7.442802e+12 0.000000e+00
1.530000e+00 7.492039e+12 0.000000e+00
1.540000e+00 7.538806e+12 0.000000e+00
1.560000e+00 7.582996e+12 0.000000e+00
1.570000e+00 7.624450e+12 0.000000e+00
1.580000e+00 7.663070e+12 0.000000e+00
1.600000e+00 7.698644e+12 0.000000e+00
1.610000e+00 7.731082e+12 0.000000e+00
1.630000e+00 7.760240e+12 0.000000e+00
1.640000e+00 7.785857e+12 0.000000e+00
1.660000e+00 7.807925e+12 0.000000e+00
1.670000e+00 7.826135e+12 0.000000e+00
1.690000e+00 7.840370e+12 0.000000e+00
1.710000e+00 7.850526e+12 0.000000e+00
1.720000e+00 7.856324e+12 0.000000e+00
1.740000e+00 7.857620e+12 0.000000e+00
1.750000e+00 7.854225e+12 0.000000e+00
1.770000e+00 7.845968e+12 0.000000e+00
1.790000e+00 7.832632e+12 0.000000e+00
1.800000e+00 7.814087e+12 0.000000e+00
1.820000e+00 7.790043e+12 0.000000e+00
1.840000e+00 7.760360e+12 0.000000e+00
1.850000e+00 7.724812e+12 0.000000e+00
1.870000e+00 7.683147e+12 0.000000e+00
1.890000e+00 7.635278e+12 0.000000e+00
1.910000e+00 7.580811e+12 0.000000e+00
1.920000e+00 7.519702e+12 0.000000e+00
1.940000e+00 7.451621e+12 0.000000e+00
1.960000e+00 7.376426e+12 0.000000e+00
1.980000e+00 7.293786e+12 0.000000e+00
2.000000e+00 7.203573e+12 0.000000e+00
2.010000e+00 7.105502e+12 0.000000e+00
2.030000e+00 6.999321e+12 0.000000e+00
2.050000e+00 6.884871e+12 0.000000e+00
2.070000e+00 6.761874e+12 0.000000e+00
2.090000e+00 6.630025e+12 0.000000e+00
2.110000e+00 6.489167e+12 0.000000e+00
2.130000e+00 6.338983e+12 0.000000e+00
2.150000e+00 6.179209e+12 0.000000e+00
2.170000e+00 6.009579e+12 0.000000e+00
2.190000e+00 5.829816e+12 0.000000e+00
2.210000e+00 5.639585e+12 0.000000e+00
2.230000e+00 5.438536e+12 0.000000e+00
2.250000e+00 5.226244e+12 0.000000e+00
2.270000e+00 5.002276e+12 0.000000e+00
2.290000e+00 4.765990e+12 0.000000e+00
2.310000e+00 4.516630e+12 0.000000e+00
2.330000e+00 4.253220e+12 0.000000e+00
2.360000e+00 3.974247e+12 0.000000e+00
2.380000e+00 3.677552e+12 0.000000e+00
2.400000e+00 3.359809e+12 0.000000e+00
2.420000e+00 3.015991e+12 0.000000e+00
2.440000e+00 2.639623e+12 0.000000e+00
2.470000e+00 2.230390e+12 0.000000e+00
2.490000e+00 1.838350e+12 0.000000e+00
2.510000e+00 1.636324e+12 0.000000e+00
2.540000e+00 1.605250e+12 0.000000e+00
2.560000e+00 1.462241e+12 0.000000e+00
2.580000e+00 1.201487e+12 0.000000e+00
2.610000e+00 9.149215e+11 0.000000e+00
2.630000e+00 6.948836e+11 0.000000e+00
2.650000e+00 6.704210e+11 0.000000e+00
2.680000e+00 8.800958e+11 0.000000e+00
2.700000e+00 1.219426e+12 0.000000e+00
2.730000e+00 1.616574e+12 0.000000e+00
2.750000e+00 2.044405e+12 0.000000e+00
2.780000e+00 2.492361e+12 0.000000e+00
2.810000e+00 2.955659e+12 0.000000e+00
2.830000e+00 3.431803e+12 0.000000e+00
2.860000e+00 3.919233e+12 0.000000e+00
2.880000e+00 4.416922e+12 0.000000e+00
2.910000e+00 4.923974e+12 0.000000e+00
2.940000e+00 5.439660e+12 0.000000e+00
2.960000e+00 5.963278e+12 0.000000e+00
2.990000e+00 6.494181e+12 0.000000e+00
3.020000e+00 7.031607e+12 0.000000e+00
3.050000e+00 7.574840e+12 0.000000e+00
3.080000e+00 8.123080e+12 0.000000e+00
3.100000e+00 8.675510e+12 0.000000e+00
3.130000e+00 9.231309e+12 0.000000e+00
3.160000e+00 9.789525e+12 0.000000e+00
3.190000e+00 1.034907e+13 0.000000e+00
3.220000e+00 1.090903e+13 0.000000e+00
3.250000e+00 1.146823e+13 0.000000e+00
3.280000e+00 1.202547e+13 0.000000e+00
3.310000e+00 1.257957e+13 0.000000e+00
3.340000e+00 1.312915e+13 0.000000e+00
3.370000e+00 1.367282e+13 0.000000e+00
3.400000e+00 1.420915e+13 0.000000e+00
3.440000e+00 1.473657e+13 0.000000e+00
3.470000e+00 1.525344e+13 0.000000e+00
3.500000e+00 1.575811e+13 0.000000e+00
3.530000e+00 1.624875e+13 0.000000e+00
3.560000e+00 1.672347e+13 0.000000e+00
3.600000e+00 1.718036e+13 0.000000e+00
3.630000e+00 1.761742e+13 0.000000e+00
3.660000e+00 1.803244e+13 0.000000e+00
3.700000e+00 1.842326e+13 0.000000e+00
3.730000e+00 1.878760e+13 0.000000e+00
3.770000e+00 1.912302e+13 0.000000e+00
3.800000e+00 1.942713e+13 0.000000e+00
3.840000e+00 1.969729e+13 0.000000e+00
3.870000e+00 1.993104e+13 0.000000e+00
3.910000e+00 2.012550e+13 0.000000e+00
3.940000e+00 2.027797e+13 0.000000e+00
3.980000e+00 2.038570e+13 0.000000e+00
4.020000e+00 2.044563e+13 0.000000e+00
4.060000e+00 2.045492e+13 0.000000e+00
4.090000e+00 2.041058e+13 0.000000e+00
4.130000e+00 2.030952e+13 0.000000e+00
4.170000e+00 2.014878e+13 0.000000e+00
4.210000e+00 1.992532e+13 0.000000e+00
4.250000e+00 1.963603e+13 0.000000e+00
4.290000e+00 1.927815e+13 0.000000e+00
4.330000e+00 1.884865e+13 0.000000e+00
4.370000e+00 1.834492e+13 0.000000e+00
4.410000e+00 1.776426e+13 0.000000e+00
4.450000e+00 1.710437e+13 0.000000e+00
4.490000e+00 1.636324e+13 0.000000e+00
4.530000e+00 1.553905e+13 0.000000e+00
4.570000e+00 1.463075e+13 0.000000e+00
4.610000e+00 1.363780e+13 0.000000e+00
4.660000e+00 1.256064e+13 0.000000e+00
4.700000e+00 1.140103e+13 0.000000e+00
4.740000e+00 1.016279e+13 0.000000e+00
4.790000e+00 8.853240e+12 0.000000e+00
4.830000e+00 7.486262e+12 0.000000e+00
4.880000e+00 6.089615e+12 0.000000e+00
4.920000e+00 4.725809e+12 0.000000e+00
4.970000e+00 3.555126e+12 0.000000e+00
5.010000e+00 2.971415e+12 0.000000e+00
5.060000e+00 3.419341e+12 0.000000e+00
5.110000e+00 4.684236e+12 0.000000e+00
5.150000e+00 6.339506e+12 0.000000e+00
5.200000e+00 8.179357e+12 0.000000e+00
5.250000e+00 1.011781e+13 0.000000e+00
5.300000e+00 1.211094e+13 0.000000e+00
5.350000e+00 1.412976e+13 0.000000e+00
5.400000e+00 1.615123e+13 0.000000e+00
5.450000e+00 1.815488e+13 0.000000e+00
5.500000e+00 2.012081e+13 0.000000e+00
5.550000e+00 2.202857e+13 0.000000e+00
5.600000e+00 2.385895e+13 0.000000e+00
5.650000e+00 2.559260e+13 0.000000e+00
5.700000e+00 2.721074e+13 0.000000e+00
5.750000e+00 2.869457e+13 0.000000e+00
5.810000e+00 3.002660e+13 0.000000e+00
5.860000e+00 3.118977e+13 0.000000e+00
5.920000e+00 3.216861e+13 0.000000e+00
5.970000e+00 3.294893e+13 0.000000e+00
6.030000e+00 3.351813e+13 0.000000e+00
6.080000e+00 3.386525e+13 0.000000e+00
6.140000e+00 3.398124e+13 0.000000e+00
6.190000e+00 3.385837e+13 0.000000e+00
6.250000e+00 3.349119e+13 0.000000e+00
6.310000e+00 3.287549e+13 0.000000e+00
6.370000e+00 3.200840e+13 0.000000e+00
6.430000e+00 3.088841e+13 0.000000e+00
6.490000e+00 2.951559e+13 0.000000e+00
6.550000e+00 2.788996e+13 0.000000e+00
6.610000e+00 2.601240e+13 0.000000e+00
6.670000e+00 2.388436e+13 0.000000e+00
6.730000e+00 2.150843e+13 0.000000e+00
6.790000e+00 1.889131e+13 0.000000e+00
6.850000e+00 1.605497e+13 0.000000e+00
6.920000e+00 1.307607e+13 0.000000e+00
6.980000e+00 1.022290e+13 0.000000e+00
7.050000e+00 8.319399e+12 0.000000e+00
7.110000e+00 8.487379e+12 0.000000e+00
7.180000e+00 9.434941e+12 0.000000e+00
7.240000e+00 8.811659e+12 0.000000e+00
7.310000e+00 7.427103e+12 0.000000e+00
7.380000e+00 7.629628e+12 0.000000e+00
7.450000e+00 9.922604e+12 0.000000e+00
7.520000e+00 1.324788e+13 0.000000e+00
7.590000e+00 1.693021e+13 0.000000e+00
7.660000e+00 2.070470e+13 0.000000e+00
7.730000e+00 2.445155e+13 0.000000e+00
7.800000e+00 2.809304e+13 0.000000e+00
7.870000e+00 3.155689e+13 0.000000e+00
7.940000e+00 3.475940e+13 0.000000e+00
8.020000e+00 3.759285e+13 0.000000e+00
8.090000e+00 3.991187e+13 0.000000e+00
8.170000e+00 4.151514e+13 0.000000e+00
8.240000e+00 4.212868e+13 0.000000e+00
8.320000e+00 4.139347e+13 0.000000e+00
8.390000e+00 3.891293e+13 0.000000e+00
8.470000e+00 3.448419e+13 0.000000e+00
8.550000e+00 2.885653e+13 0.000000e+00
8.630000e+00 2.536938e+13 0.000000e+00
8.710000e+00 2.899189e+13 0.000000e+00
8.790000e+00 3.861600e+13 0.000000e+00
8.870000e+00 4.956924e+13 0.000000e+00
8.950000e+00 5.934049e+13 0.000000e+00
9.040000e+00 6.721288e+13 0.000000e+00
9.120000e+00 7.318822e+13 0.000000e+00
9.200000e+00 7.742934e+13 0.000000e+00
9.290000e+00 8.002753e+13 0.000000e+00
9.380000e+00 8.090550e+13 0.000000e+00
9.460000e+00 7.985754e+13 0.000000e+00
9.550000e+00 7.746654e+13 0.000000e+00
9.640000e+00 7.887991e+13 0.000000e+00
9.730000e+00 8.830646e+13 0.000000e+00
9.820000e+00 9.551737e+13 0.000000e+00
9.910000e+00 9.771064e+13 0.000000e+00
1.000000e+01 9.829845e+13 0.000000e+00
1.009000e+01 9.846881e+13 0.000000e+00
1.019000e+01 9.780334e+13 0.000000e+00
1.028000e+01 9.644131e+13 0.000000e+00
1.038000e+01 9.441801e+13 0.000000e+00
1.047000e+01 9.173049e+13 0.000000e+00
1.057000e+01 8.836654e+13 0.000000e+00
1.067000e+01 8.430779e+13 0.000000e+00
1.076000e+01 7.954057e+13 0.000000e+00
1.086000e+01 7.405652e+13 0.000000e+00
1.096000e+01 6.785918e+13 0.000000e+00
1.107000e+01 6.096706e+13 0.000000e+00
1.117000e+01 5.342708e+13 0.000000e+00
1.127000e+01 4.533996e+13 0.000000e+00
1.138000e+01 3.692189e+13 0.000000e+00
1.148000e+01 2.868387e+13 0.000000e+00
1.159000e+01 2.195910e+13 0.000000e+00
1.169000e+01 1.975075e+13 0.000000e+00
1.180000e+01 2.437015e+13 0.000000e+00
1.191000e+01 3.373204e+13 0.000000e+00
1.202000e+01 4.539265e+13 0.000000e+00
1.213000e+01 5.824078e+13 0.000000e+00
1.225000e+01 7.177257e+13 0.000000e+00
1.236000e+01 8.569201e+13 0.000000e+00
1.247000e+01 9.977351e+13 0.000000e+00
1.259000e+01 1.138156e+14 0.000000e+00
1.271000e+01 1.276174e+14 0.000000e+00
1.282000e+01 1.409717e+14 0.000000e+00
1.294000e+01 1.536608e+14 0.000000e+00
1.306000e+01 1.654561e+14 0.000000e+00
1.318000e+01 1.761159e+14 0.000000e+00
1.330000e+01 1.853905e+14 0.000000e+00
1.343000e+01 1.930204e+14 0.000000e+00
1.355000e+01 1.987431e+14 0.000000e+00
1.368000e+01 2.022948e+14 0.000000e+00
1.380000e+01 2.034191e+14 0.000000e+00
1.393000e+01 2.018693e+14 0.000000e+00
1.406000e+01 1.974240e+14 0.000000e+00
1.419000e+01 1.898960e+14 0.000000e+00
1.432000e+01 1.791498e+14 0.000000e+00
1.445000e+01 1.651293e+14 0.000000e+00
1.459000e+01 1.479058e+14 0.000000e+00
1.472000e+01 1.277710e+14 0.000000e+00
1.486000e+01 1.054681e+14 0.000000e+00
1.500000e+01 8.282877e+13 0.000000e+00
1.514000e+01 6.462913e+13 0.000000e+00
1.528000e+01 6.093399e+13 0.000000e+00
1.542000e+01 7.775083e+13 0.000000e+00
1.556000e+01 1.077361e+14 0.000000e+00
1.570000e+01 1.435289e+14 0.000000e+00
1.585000e+01 1.813973e+14 0.000000e+00
1.600000e+01 2.190820e+14 0.000000e+00
1.614000e+01 2.547420e+14 0.000000e+00
1.629000e+01 2.866101e+14 0.000000e+00
1.644000e+01 3.128813e+14 0.000000e+00
1.660000e+01 3.317036e+14 0.000000e+00
1.675000e+01 3.412387e+14 0.000000e+00
1.690000e+01 3.397616e+14 0.000000e+00
1.706000e+01 3.258773e+14 0.000000e+00
1.722000e+01 2.989215e+14 0.000000e+00
1.738000e+01 2.598415e+14 0.000000e+00
1.754000e+01 2.135329e+14 0.000000e+00
1.770000e+01 1.752750e+14 0.000000e+00
1.786000e+01 1.773773e+14 0.000000e+00
1.803000e+01 2.367570e+14 0.000000e+00
1.820000e+01 3.308454e+14 0.000000e+00
1.837000e+01 4.352860e+14 0.000000e+00
1.854000e+01 5.319290e+14 0.000000e+00
1.871000e+01 6.040362e+14 0.000000e+00
1.888000e+01 6.373974e+14 0.000000e+00
1.905000e+01 6.345419e+14 0.000000e+00
1.923000e+01 6.660006e+14 0.000000e+00
1.941000e+01 9.277126e+14 0.000000e+00
1.959000e+01 1.586093e+15 0.000000e+00
1.977000e+01 2.707635e+15 0.000000e+00
1.995000e+01 4.385119e+15 0.000000e+00
2.014000e+01 6.763154e+15 0.000000e+00
2.032000e+01 1.003448e+16 0.000000e+00
2.051000e+01 1.444348e+16 0.000000e+00
2.070000e+01 2.029377e+16 0.000000e+00
2.089000e+01 2.795967e+16 0.000000e+00
2.109000e+01 3.789946e+16 0.000000e+00
2.128000e+01 5.067294e+16 0.000000e+00
2.148000e+01 6.695995e+16 0.000000e+00
2.168000e+01 8.758408e+16 0.000000e+00
2.188000e+01 1.135432e+17 0.000000e+00
2.208000e+01 1.460366e+17 0.000000e+00
2.228000e+01 1.865094e+17 0.000000e+00
2.249000e+01 2.366942e+17 0.000000e+00
2.270000e+01 2.986662e+17 0.000000e+00
2.291000e+01 3.749053e+17 0.000000e+00
2.312000e+01 4.683709e+17 0.000000e+00
2.333000e+01 5.825876e+17 0.000000e+00
2.355000e+01 7.217455e+17 0.000000e+00
2.377000e+01 8.908130e+17 0.000000e+00
2.399000e+01 1.095703e+18 0.000000e+00
2.421000e+01 1.343382e+18 0.000000e+00
2.443000e+01 1.642117e+18 0.000000e+00
2.466000e+01 2.001649e+18 0.000000e+00
2.489000e+01 2.433481e+18 0.000000e+00
2.512000e+01 2.951150e+18 0.000000e+00
2.535000e+01 3.570600e+18 0.000000e+00
2.559000e+01 4.310624e+18 0.000000e+00
2.582000e+01 5.193159e+18 0.000000e+00
2.606000e+01 6.244107e+18 0.000000e+00
2.630000e+01 7.493780e+18 0.000000e+00
2.655000e+01 8.977466e+18 0.000000e+00
2.679000e+01 1.073702e+19 0.000000e+00
2.704000e+01 1.282074e+19 0.000000e+00
2.729000e+01 1.528545e+19 0.000000e+00
2.754000e+01 1.819740e+19 0.000000e+00
2.780000e+01 2.163383e+19 0.000000e+00
2.805000e+01 2.568482e+19 0.000000e+00
2.831000e+01 3.045549e+19 0.000000e+00
2.858000e+01 3.606788e+19 0.000000e+00
2.884000e+01 4.266357e+19 0.000000e+00
2.911000e+01 5.040856e+19 0.000000e+00
2.938000e+01 5.949371e+19 0.000000e+00
2.965000e+01 7.014098e+19 0.000000e+00
2.992000e+01 8.260844e+19 0.000000e+00
3.020000e+01 9.719307e+19 0.000000e+00
3.048000e+01 1.142383e+20 0.000000e+00
3.076000e+01 1.341409e+20 0.000000e+00
3.105000e+01 1.573544e+20 0.000000e+00
3.133000e+01 1.844015e+20 0.000000e+00
3.162000e+01 2.158769e+20 0.000000e+00
3.192000e+01 2.524539e+20 0.000000e+00
3.221000e+01 2.948965e+20 0.000000e+00
3.251000e+01 3.440541e+20 0.000000e+00
3.281000e+01 4.008659e+20 0.000000e+00
3.311000e+01 4.663548e+20 0.000000e+00
3.342000e+01 5.416091e+20 0.000000e+00
3.373000e+01 6.277543e+20 0.000000e+00
3.404000e+01 7.258896e+20 0.000000e+00
3.436000e+01 8.370302e+20 0.000000e+00
3.467000e+01 9.620195e+20 0.000000e+00
3.499000e+01 1.101362e+21 0.000000e+00
3.532000e+01 1.255111e+21 0.000000e+00
3.565000e+01 1.422692e+21 0.000000e+00
3.597000e+01 1.602772e+21 0.000000e+00
3.631000e+01 1.793207e+21 0.000000e+00
3.664000e+01 1.991076e+21 0.000000e+00
3.698000e+01 2.192535e+21 0.000000e+00
3.733000e+01 2.394309e+21 0.000000e+00
3.767000e+01 2.591923e+21 0.000000e+00
3.802000e+01 2.783027e+21 0.000000e+00
3.837000e+01 2.964720e+21 0.000000e+00
3.873000e+01 3.134600e+21 0.000000e+00
3.908000e+01 3.293591e+21 0.000000e+00
3.945000e+01 3.441073e+21 0.000000e+00
3.981000e+01 3.577766e+21 0.000000e+00
4.018000e+01 3.704747e+21 0.000000e+00
4.055000e+01 3.823244e+21 0.000000e+00
4.093000e+01 3.936063e+21 0.000000e+00
4.130000e+01 4.041563e+21 0.000000e+00
4.169000e+01 4.143927e+21 0.000000e+00
4.207000e+01 4.242627e+21 0.000000e+00
4.246000e+01 4.338508e+21 0.000000e+00
4.285000e+01 4.434157e+21 0.000000e+00
4.325000e+01 4.526341e+21 0.000000e+00
4.365000e+01 4.619471e+21 0.000000e+00
4.406000e+01 4.714157e+21 0.000000e+00
4.446000e+01 4.806306e+21 0.000000e+00
4.487000e+01 4.900639e+21 0.000000e+00
4.529000e+01 4.995055e+21 0.000000e+00
4.571000e+01 5.089628e+21 0.000000e+00
4.613000e+01 5.187098e+21 0.000000e+00
4.656000e+01 5.284993e+21 0.000000e+00
4.699000e+01 5.383261e+21 0.000000e+00
4.742000e+01 5.484892e+21 0.000000e+00
4.786000e+01 5.586967e+21 0.000000e+00
4.831000e+01 5.692686e+21 0.000000e+00
4.875000e+01 5.798917e+21 0.000000e+00
4.920000e+01 5.905558e+21 0.000000e+00
4.966000e+01 6.016051e+21 0.000000e+00
5.012000e+01 6.130644e+21 0.000000e+00
5.058000e+01 6.241808e+21 0.000000e+00
5.105000e+01 6.356996e+21 0.000000e+00
5.152000e+01 6.476474e+21 0.000000e+00
5.200000e+01 6.596132e+21 0.000000e+00
5.248000e+01 6.720250e+21 0.000000e+00
5.297000e+01 6.844393e+21 0.000000e+00
5.346000e+01 6.973209e+21 0.000000e+00
5.395000e+01 7.101869e+21 0.000000e+00
5.445000e+01 7.230135e+21 0.000000e+00
5.495000e+01 7.363120e+21 0.000000e+00
5.546000e+01 7.501032e+21 0.000000e+00
5.598000e+01 7.638369e+21 0.000000e+00
5.649000e+01 7.780769e+21 0.000000e+00
5.702000e+01 7.928580e+21 0.000000e+00
5.754000e+01 8.075588e+21 0.000000e+00
5.808000e+01 8.221386e+21 0.000000e+00
5.861000e+01 8.372545e+21 0.000000e+00
5.916000e+01 8.529294e+21 0.000000e+00
5.970000e+01 8.684476e+21 0.000000e+00
6.026000e+01 8.845330e+21 0.000000e+00
6.081000e+01 9.012338e+21 0.000000e+00
6.138000e+01 9.177258e+21 0.000000e+00
6.194000e+01 9.348328e+21 0.000000e+00
6.252000e+01 9.516740e+21 0.000000e+00
6.310000e+01 9.691425e+21 0.000000e+00
6.368000e+01 9.872448e+21 0.000000e+00
6.427000e+01 1.005441e+22 0.000000e+00
6.486000e+01 1.023998e+22 0.000000e+00
6.546000e+01 1.042814e+22 0.000000e+00
6.607000e+01 1.062104e+22 0.000000e+00
6.668000e+01 1.081651e+22 0.000000e+00
6.730000e+01 1.101440e+22 0.000000e+00
6.792000e+01 1.121710e+22 0.000000e+00
6.855000e+01 1.142344e+22 0.000000e+00
6.918000e+01 1.163340e+22 0.000000e+00
6.982000e+01 1.184695e+22 0.000000e+00
7.047000e+01 1.206406e+22 0.000000e+00
7.112000e+01 1.228468e+22 0.000000e+00
7.178000e+01 1.250876e+22 0.000000e+00
7.244000e+01 1.273785e+22 0.000000e+00
7.311000e+01 1.297037e+22 0.000000e+00
7.379000e+01 1.320791e+22 0.000000e+00
7.447000e+01 1.344885e+22 0.000000e+00
7.516000e+01 1.369300e+22 0.000000e+00
7.586000e+01 1.394410e+22 0.000000e+00
7.656000e+01 1.419644e+22 0.000000e+00
7.727000e+01 1.445377e+22 0.000000e+00
7.798000e+01 1.471616e+22 0.000000e+00
7.870000e+01 1.498361e+22 0.000000e+00
7.943000e+01 1.525611e+22 0.000000e+00
8.017000e+01 1.553138e+22 0.000000e+00
8.091000e+01 1.581153e+22 0.000000e+00
8.166000e+01 1.609666e+22 0.000000e+00
8.241000e+01 1.638665e+22 0.000000e+00
8.318000e+01 1.668154e+22 0.000000e+00
8.395000e+01 1.697839e+22 0.000000e+00
8.472000e+01 1.728274e+22 0.000000e+00
8.551000e+01 1.759170e+22 0.000000e+00
8.630000e+01 1.790526e+22 0.000000e+00
8.710000e+01 1.822333e+22 0.000000e+00
8.790000e+01 1.854902e+22 0.000000e+00
8.872000e+01 1.887565e+22 0.000000e+00
8.954000e+01 1.920982e+22 0.000000e+00
9.036000e+01 1.954809e+22 0.000000e+00
9.120000e+01 1.989408e+22 0.000000e+00
9.204000e+01 2.023980e+22 0.000000e+00
9.290000e+01 2.059317e+22 0.000000e+00
9.376000e+01 2.095399e+22 0.000000e+00
9.462000e+01 2.131810e+22 0.000000e+00
9.550000e+01 2.168492e+22 0.000000e+00
9.638000e+01 2.205986e+22 0.000000e+00
9.727000e+01 2.243631e+22 0.000000e+00
9.817000e+01 2.282000e+22 0.000000e+00
9.908000e+01 2.320702e+22 0.000000e+00
1.000000e+02 2.359971e+22 0.000000e+00
1.009300e+02 2.399946e+22 0.000000e+00
1.018600e+02 2.439887e+22 0.000000e+00
1.028000e+02 2.480639e+22 0.000000e+00
1.037500e+02 2.522049e+22 0.000000e+00
1.047100e+02 2.563294e+22 0.000000e+00
1.056800e+02 2.605320e+22 0.000000e+00
1.066600e+02 2.647737e+22 0.000000e+00
1.076500e+02 2.690023e+22 0.000000e+00
1.086400e+02 2.733749e+22 0.000000e+00
1.096500e+02 2.777060e+22 0.000000e+00
1.106600e+02 2.820572e+22 0.000000e+00
1.116900e+02 2.864771e+22 0.000000e+00
1.127200e+02 2.909370e+22 0.000000e+00
1.137600e+02 2.953538e+22 0.000000e+00
1.148200e+02 2.998537e+22 0.000000e+00
1.158800e+02 3.043807e+22 0.000000e+00
1.169500e+02 3.088793e+22 0.000000e+00
1.180300e+02 3.134502e+22 0.000000e+00
1.191200e+02 3.179438e+22 0.000000e+00
1.202300e+02 3.225380e+22 0.000000e+00
1.213400e+02 3.269972e+22 0.000000e+00
1.224600e+02 3.315925e+22 0.000000e+00
1.235900e+02 3.361819e+22 0.000000e+00
1.247400e+02 3.407097e+22 0.000000e+00
1.258900e+02 3.452681e+22 0.000000e+00
1.270600e+02 3.497470e+22 0.000000e+00
1.282300e+02 3.541892e+22 0.000000e+00
1.294200e+02 3.585900e+22 0.000000e+00
1.306200e+02 3.630541e+22 0.000000e+00
1.318300e+02 3.673513e+22 0.000000e+00
1.330500e+02 3.716312e+22 0.000000e+00
1.342800e+02 3.759102e+22 0.000000e+00
1.355200e+02 3.801602e+22 0.000000e+00
1.367700e+02 3.842814e+22 0.000000e+00
1.380400e+02 3.883540e+22 0.000000e+00
1.393200e+02 3.923261e+22 0.000000e+00
1.406000e+02 3.963190e+22 0.000000e+00
1.419100e+02 4.001985e+22 0.000000e+00
1.432200e+02 4.038609e+22 0.000000e+00
1.445400e+02 4.074897e+22 0.000000e+00
1.458800e+02 4.110135e+22 0.000000e+00
1.472300e+02 4.144957e+22 0.000000e+00
1.485900e+02 4.177249e+22 0.000000e+00
1.499700e+02 4.209303e+22 0.000000e+00
1.513600e+02 4.239714e+22 0.000000e+00
1.527600e+02 4.269855e+22 0.000000e+00
1.541700e+02 4.296991e+22 0.000000e+00
1.556000e+02 4.323595e+22 0.000000e+00
1.570400e+02 4.348469e+22 0.000000e+00
1.584900e+02 4.372732e+22 0.000000e+00
1.599600e+02 4.395160e+22 0.000000e+00
1.614400e+02 4.415635e+22 0.000000e+00
1.629300e+02 4.434059e+22 0.000000e+00
1.644400e+02 4.451884e+22 0.000000e+00
1.659600e+02 4.467716e+22 0.000000e+00
1.674900e+02 4.481391e+22 0.000000e+00
1.690400e+02 4.495837e+22 0.000000e+00
1.706100e+02 4.506717e+22 0.000000e+00
1.721900e+02 4.516855e+22 0.000000e+00
1.737800e+02 4.524969e+22 0.000000e+00
1.753900e+02 4.530689e+22 0.000000e+00
1.770100e+02 4.536032e+22 0.000000e+00
1.786500e+02 4.538976e+22 0.000000e+00
1.803000e+02 4.539986e+22 0.000000e+00
1.819700e+02 4.541924e+22 0.000000e+00
1.836500e+02 4.540316e+22 0.000000e+00
1.853500e+02 4.537390e+22 0.000000e+00
1.870700e+02 4.533276e+22 0.000000e+00
1.888000e+02 4.527837e+22 0.000000e+00
1.905500e+02 4.521368e+22 0.000000e+00
1.923100e+02 4.513593e+22 0.000000e+00
1.940900e+02 4.504180e+22 0.000000e+00
1.958800e+02 4.494200e+22 0.000000e+00
1.977000e+02 4.480949e+22 0.000000e+00
1.995300e+02 4.469873e+22 0.000000e+00
2.013700e+02 4.454740e+22 0.000000e+00
2.032400e+02 4.439787e+22 0.000000e+00
2.051200e+02 4.423781e+22 0.000000e+00
2.070100e+02 4.407189e+22 0.000000e+00
2.089300e+02 4.390047e+22 0.000000e+00
2.108600e+02 4.370458e+22 0.000000e+00
2.128100e+02 4.352159e+22 0.000000e+00
2.147800e+02 4.331667e+22 0.000000e+00
2.167700e+02 4.310735e+22 0.000000e+00
2.187800e+02 4.289342e+22 0.000000e+00
2.208000e+02 4.265957e+22 0.000000e+00
2.228400e+02 4.242285e+22 0.000000e+00
2.249100e+02 4.219979e+22 0.000000e+00
2.269900e+02 4.195845e+22 0.000000e+00
2.290900e+02 4.171429e+22 0.000000e+00
2.312100e+02 4.145301e+22 0.000000e+00
2.333500e+02 4.120636e+22 0.000000e+00
2.355000e+02 4.094283e+22 0.000000e+00
2.376800e+02 4.067901e+22 0.000000e+00
2.398800e+02 4.041482e+22 0.000000e+00
2.421000e+02 4.013485e+22 0.000000e+00
2.443400e+02 3.987130e+22 0.000000e+00
2.466000e+02 3.959236e+22 0.000000e+00
2.488900e+02 3.931498e+22 0.000000e+00
2.511900e+02 3.903825e+22 0.000000e+00
2.535100e+02 3.876329e+22 0.000000e+00
2.558600e+02 3.847515e+22 0.000000e+00
2.582300e+02 3.818893e+22 0.000000e+00
2.606200e+02 3.790463e+22 0.000000e+00
2.630300e+02 3.762227e+22 0.000000e+00
2.654600e+02 3.732875e+22 0.000000e+00
2.679200e+02 3.705131e+22 0.000000e+00
2.704000e+02 3.676309e+22 0.000000e+00
2.729000e+02 3.647758e+22 0.000000e+00
2.754200e+02 3.618194e+22 0.000000e+00
2.779700e+02 3.590226e+22 0.000000e+00
2.805400e+02 3.561317e+22 0.000000e+00
2.831400e+02 3.532745e+22 0.000000e+00
2.857600e+02 3.504480e+22 0.000000e+00
2.884000e+02 3.475360e+22 0.000000e+00
2.910700e+02 3.446624e+22 0.000000e+00
2.937700e+02 3.418254e+22 0.000000e+00
2.964800e+02 3.390233e+22 0.000000e+00
2.992300e+02 3.362599e+22 0.000000e+00
3.020000e+02 3.334211e+22 0.000000e+00
3.047900e+02 3.306233e+22 0.000000e+00
3.076100e+02 3.278624e+22 0.000000e+00
3.104600e+02 3.250373e+22 0.000000e+00
3.133300e+02 3.222542e+22 0.000000e+00
3.162300e+02 3.195103e+22 0.000000e+00
3.191500e+02 3.168066e+22 0.000000e+00
3.221100e+02 3.141424e+22 0.000000e+00
3.250900e+02 3.114227e+22 0.000000e+00
3.281000e+02 3.087439e+22 0.000000e+00
3.311300e+02 3.060125e+22 0.000000e+00
3.342000e+02 3.034165e+22 0.000000e+00
3.372900e+02 3.007709e+22 0.000000e+00
3.404100e+02 2.981666e+22 0.000000e+00
3.435600e+02 2.955161e+22 0.000000e+00
3.467400e+02 2.929090e+22 0.000000e+00
3.499500e+02 2.903449e+22 0.000000e+00
3.531800e+02 2.878211e+22 0.000000e+00
3.564500e+02 2.852579e+22 0.000000e+00
3.597500e+02 2.828166e+22 0.000000e+00
3.630800e+02 2.802573e+22 0.000000e+00
3.664400e+02 2.778187e+22 0.000000e+00
3.698300e+02 2.753440e+22 0.000000e+00
3.732500e+02 2.729116e+22 0.000000e+00
3.767000e+02 2.704464e+22 0.000000e+00
3.801900e+02 2.680958e+22 0.000000e+00
3.837100e+02 2.657129e+22 0.000000e+00
3.872600e+02 2.633006e+22 0.000000e+00
3.908400e+02 2.609992e+22 0.000000e+00
3.944600e+02 2.586024e+22 0.000000e+00
3.981100e+02 2.563136e+22 0.000000e+00
4.017900e+02 2.539986e+22 0.000000e+00
4.055100e+02 2.517243e+22 0.000000e+00
4.092600e+02 2.494892e+22 0.000000e+00
4.130500e+02 2.472316e+22 0.000000e+00
4.168700e+02 2.450134e+22 0.000000e+00
4.207300e+02 2.428334e+22 0.000000e+00
4.246200e+02 2.406333e+22 0.000000e+00
4.285500e+02 2.384723e+22 0.000000e+00
4.325100e+02 2.363485e+22 0.000000e+00
4.365200e+02 2.342063e+22 0.000000e+00
4.405500e+02 2.321026e+22 0.000000e+00
4.446300e+02 2.299823e+22 0.000000e+00
4.487500e+02 2.279005e+22 0.000000e+00
4.529000e+02 2.258550e+22 0.000000e+00
4.570900e+02 2.237953e+22 0.000000e+00
4.613200e+02 2.217728e+22 0.000000e+00
4.655900e+02 2.197855e+22 0.000000e+00
4.698900e+02 2.177857e+22 0.000000e+00
4.742400e+02 2.158214e+22 0.000000e+00
4.786300e+02 2.138923e+22 0.000000e+00
4.830600e+02 2.119520e+22 0.000000e+00
4.875300e+02 2.100024e+22 0.000000e+00
4.920400e+02 2.080875e+22 0.000000e+00
4.965900e+02 2.062073e+22 0.000000e+00
5.011900e+02 2.043602e+22 0.000000e+00
5.058200e+02 2.025046e+22 0.000000e+00
5.105100e+02 2.006421e+22 0.000000e+00
5.152300e+02 1.988131e+22 0.000000e+00
5.200000e+02 1.970172e+22 0.000000e+00
5.248100e+02 1.952530e+22 0.000000e+00
5.296600e+02 1.934453e+22 0.000000e+00
5.345600e+02 1.917071e+22 0.000000e+00
5.395100e+02 1.899635e+22 0.000000e+00
5.445000e+02 1.882158e+22 0.000000e+00
5.495400e+02 1.865000e+22 0.000000e+00
5.546300e+02 1.848152e+22 0.000000e+00
5.597600e+02 1.831267e+22 0.000000e+00
5.649400e+02 1.814684e+22 0.000000e+00
5.701600e+02 1.798079e+22 0.000000e+00
5.754400e+02 1.781769e+22 0.000000e+00
5.807600e+02 1.765443e+22 0.000000e+00
5.861400e+02 1.749411e+22 0.000000e+00
5.915600e+02 1.733667e+22 0.000000e+00
5.970400e+02 1.717611e+22 0.000000e+00
6.025600e+02 1.702139e+22 0.000000e+00
6.081400e+02 1.686662e+22 0.000000e+00
6.137600e+02 1.671179e+22 0.000000e+00
6.194400e+02 1.655980e+22 0.000000e+00
6.251700e+02 1.640783e+22 0.000000e+00
6.309600e+02 1.625863e+22 0.000000e+00
6.368000e+02 1.610952e+22 0.000000e+00
6.426900e+02 1.596312e+22 0.000000e+00
6.486300e+02 1.581683e+22 0.000000e+00
6.546400e+02 1.567319e+22 0.000000e+00
6.606900e+02 1.552973e+22 0.000000e+00
6.668100e+02 1.538888e+22 0.000000e+00
6.729800e+02 1.524823e+22 0.000000e+00
6.792000e+02 1.510782e+22 0.000000e+00
6.854900e+02 1.496999e+22 0.000000e+00
6.918300e+02 1.483464e+22 0.000000e+00
6.982300e+02 1.469955e+22 0.000000e+00
7.046900e+02 1.456478e+22 0.000000e+00
7.112100e+02 1.443243e+22 0.000000e+00
7.177900e+02 1.430044e+22 0.000000e+00
7.244400e+02 1.416884e+22 0.000000e+00
7.311400e+02 1.403962e+22 0.000000e+00
7.379000e+02 1.391080e+22 0.000000e+00
7.447300e+02 1.378432e+22 0.000000e+00
7.516200e+02 1.365825e+22 0.000000e+00
7.585800e+02 1.353264e+22 0.000000e+00
7.656000e+02 1.340932e+22 0.000000e+00
7.726800e+02 1.328646e+22 0.000000e+00
7.798300e+02 1.316581e+22 0.000000e+00
7.870500e+02 1.304565e+22 0.000000e+00
7.943300e+02 1.292598e+22 0.000000e+00
8.016800e+02 1.280849e+22 0.000000e+00
8.091000e+02 1.269150e+22 0.000000e+00
8.165800e+02 1.257504e+22 0.000000e+00
8.241400e+02 1.245915e+22 0.000000e+00
8.317600e+02 1.234537e+22 0.000000e+00
8.394600e+02 1.223216e+22 0.000000e+00
8.472300e+02 1.212101e+22 0.000000e+00
8.550700e+02 1.201041e+22 0.000000e+00
8.629800e+02 1.190040e+22 0.000000e+00
8.709600e+02 1.179098e+22 0.000000e+00
8.790200e+02 1.168357e+22 0.000000e+00
8.871600e+02 1.157675e+22 0.000000e+00
8.953700e+02 1.147055e+22 0.000000e+00
9.036500e+02 1.136628e+22 0.000000e+00
9.120100e+02 1.126135e+22 0.000000e+00
9.204500e+02 1.115835e+22 0.000000e+00
9.289700e+02 1.105720e+22 0.000000e+00
9.375600e+02 1.095547e+22 0.000000e+00
9.462400e+02 1.085559e+22 0.000000e+00
9.549900e+02 1.075638e+22 0.000000e+00
9.638300e+02 1.065781e+22 0.000000e+00
9.727500e+02 1.055992e+22 0.000000e+00
9.817500e+02 1.046381e+22 0.000000e+00
9.908300e+02 1.036728e+22 0.000000e+00
1.000000e+03 1.027252e+22 0.000000e+00
1.009250e+03 1.017844e+22 0.000000e+00
1.018590e+03 1.008505e+22 0.000000e+00
1.028020e+03 9.988414e+21 0.000000e+00
1.037530e+03 9.899422e+21 0.000000e+00
1.047130e+03 9.812002e+21 0.000000e+00
1.056820e+03 9.716662e+21 0.000000e+00
1.066600e+03 9.632427e+21 0.000000e+00
1.076470e+03 9.540528e+21 0.000000e+00
1.086430e+03 9.459396e+21 0.000000e+00
1.096480e+03 9.370754e+21 0.000000e+00
1.106620e+03 9.283758e+21 0.000000e+00
1.116860e+03 9.198362e+21 0.000000e+00
1.127200e+03 9.114524e+21 0.000000e+00
1.137630e+03 9.032200e+21 0.000000e+00
1.148150e+03 8.951429e+21 0.000000e+00
1.158780e+03 8.864148e+21 0.000000e+00
1.169500e+03 8.786265e+21 0.000000e+00
1.180320e+03 8.702160e+21 0.000000e+00
1.191240e+03 8.627086e+21 0.000000e+00
1.202260e+03 8.545986e+21 0.000000e+00
1.213390e+03 8.466397e+21 0.000000e+00
1.224620e+03 8.388347e+21 0.000000e+00
1.235950e+03 8.311654e+21 0.000000e+00
1.247380e+03 8.236350e+21 0.000000e+00
1.258930e+03 8.162399e+21 0.000000e+00
1.270570e+03 8.089764e+21 0.000000e+00
1.282330e+03 8.011986e+21 0.000000e+00
1.294200e+03 7.941991e+21 0.000000e+00
1.306170e+03 7.867016e+21 0.000000e+00
1.318260e+03 7.793503e+21 0.000000e+00
1.330450e+03 7.721292e+21 0.000000e+00
1.342770e+03 7.650407e+21 0.000000e+00
1.355190e+03 7.580812e+21 0.000000e+00
1.367730e+03 7.512471e+21 0.000000e+00
1.380380e+03 7.445351e+21 0.000000e+00
1.393160e+03 7.373978e+21 0.000000e+00
1.406050e+03 7.309301e+21 0.000000e+00
1.419060e+03 7.240553e+21 0.000000e+00
1.432190e+03 7.178184e+21 0.000000e+00
1.445440e+03 7.111819e+21 0.000000e+00
1.458810e+03 7.046670e+21 0.000000e+00
1.472310e+03 6.982704e+21 0.000000e+00
1.485940e+03 6.915103e+21 0.000000e+00
1.499690e+03 6.853493e+21 0.000000e+00
1.513560e+03 6.788359e+21 0.000000e+00
1.527570e+03 6.728977e+21 0.000000e+00
1.541700e+03 6.666222e+21 0.000000e+00
1.555970e+03 6.604584e+21 0.000000e+00
1.570360e+03 6.544074e+21 0.000000e+00
1.584890e+03 6.484664e+21 0.000000e+00
1.599560e+03 6.426322e+21 0.000000e+00
1.614360e+03 6.364967e+21 0.000000e+00
1.629300e+03 6.308750e+21 0.000000e+00
1.644370e+03 6.249610e+21 0.000000e+00
1.659590e+03 6.191567e+21 0.000000e+00
1.674940e+03 6.134593e+21 0.000000e+00
1.690440e+03 6.078658e+21 0.000000e+00
1.706080e+03 6.023770e+21 0.000000e+00
1.721870e+03 5.969829e+21 0.000000e+00
1.737800e+03 5.913346e+21 0.000000e+00
1.753880e+03 5.861355e+21 0.000000e+00
1.770110e+03 5.806897e+21 0.000000e+00
1.786490e+03 5.753442e+21 0.000000e+00
1.803020e+03 5.700962e+21 0.000000e+00
1.819700e+03 5.649430e+21 0.000000e+00
1.836540e+03 5.595689e+21 0.000000e+00
1.853530e+03 5.546035e+21 0.000000e+00
1.870680e+03 5.494234e+21 0.000000e+00
1.887990e+03 5.443391e+21 0.000000e+00
1.905460e+03 5.393511e+21 0.000000e+00
1.923090e+03 5.344507e+21 0.000000e+00
1.940890e+03 5.296386e+21 0.000000e+00
1.958850e+03 5.246369e+21 0.000000e+00
1.976970e+03 5.199992e+21 0.000000e+00
1.995260e+03 5.151771e+21 0.000000e+00
2.013720e+03 5.104437e+21 0.000000e+00
2.032360e+03 5.057964e+21 0.000000e+00
2.051160e+03 5.012330e+21 0.000000e+00
2.070140e+03 4.965046e+21 0.000000e+00
2.089300e+03 4.921066e+21 0.000000e+00
2.108630e+03 4.875480e+21 0.000000e+00
2.128140e+03 4.830731e+21 0.000000e+00
2.147830e+03 4.786796e+21 0.000000e+00
2.167700e+03 4.741426e+21 0.000000e+00
2.187760e+03 4.699093e+21 0.000000e+00
2.208010e+03 4.655342e+21 0.000000e+00
2.228440e+03 4.612397e+21 0.000000e+00
2.249060e+03 4.570238e+21 0.000000e+00
2.269870e+03 4.528842e+21 0.000000e+00
2.290870e+03 4.486176e+21 0.000000e+00
2.312070e+03 4.446282e+21 0.000000e+00
2.333460e+03 4.405150e+21 0.000000e+00
2.355050e+03 4.364773e+21 0.000000e+00
2.376840e+03 4.325129e+21 0.000000e+00
2.398830e+03 4.284362e+21 0.000000e+00
2.421030e+03 4.246158e+21 0.000000e+00
2.443430e+03 4.206860e+21 0.000000e+00
2.466040e+03 4.168282e+21 0.000000e+00
2.488860e+03 4.130405e+21 0.000000e+00
2.511890e+03 4.093227e+21 0.000000e+00
2.535130e+03 4.055051e+21 0.000000e+00
2.558590e+03 4.017581e+21 0.000000e+00
2.582260e+03 3.980797e+21 0.000000e+00
2.606150e+03 3.944680e+21 0.000000e+00
2.630270e+03 3.907685e+21 0.000000e+00
2.654610e+03 3.872877e+21 0.000000e+00
2.679170e+03 3.837210e+21 0.000000e+00
2.703960e+03 3.802195e+21 0.000000e+00
2.728980e+03 3.766393e+21 0.000000e+00
2.754230e+03 3.732653e+21 0.000000e+00
2.779710e+03 3.698143e+21 0.000000e+00
2.805430e+03 3.664266e+21 0.000000e+00
2.831390e+03 3.631003e+21 0.000000e+00
2.857590e+03 3.597045e+21 0.000000e+00
2.884030e+03 3.564986e+21 0.000000e+00
2.910720e+03 3.532246e+21 0.000000e+00
2.937650e+03 3.498877e+21 0.000000e+00
2.964830e+03 3.467334e+21 0.000000e+00
2.992270e+03 3.435187e+21 0.000000e+00
3.019950e+03 3.403618e+21 0.000000e+00
3.047900e+03 3.372613e+21 0.000000e+00
3.076100e+03 3.342190e+21 0.000000e+00
3.104560e+03 3.311193e+21 0.000000e+00
3.133290e+03 3.280786e+21 0.000000e+00
3.162280e+03 3.250923e+21 0.000000e+00
3.191540e+03 3.221598e+21 0.000000e+00
3.221070e+03 3.191778e+21 0.000000e+00
3.250870e+03 3.162505e+21 0.000000e+00
3.280950e+03 3.133765e+21 0.000000e+00
3.311310e+03 3.104578e+21 0.000000e+00
3.341950e+03 3.075929e+21 0.000000e+00
3.372870e+03 3.047805e+21 0.000000e+00
3.404080e+03 3.020190e+21 0.000000e+00
3.435580e+03 2.992175e+21 0.000000e+00
3.467370e+03 2.964676e+21 0.000000e+00
3.499450e+03 2.937677e+21 0.000000e+00
3.531830e+03 2.911166e+21 0.000000e+00
3.564510e+03 2.884296e+21 0.000000e+00
3.597490e+03 2.857919e+21 0.000000e+00
3.630780e+03 2.831217e+21 0.000000e+00
3.664380e+03 2.805797e+21 0.000000e+00
3.698280e+03 2.780056e+21 0.000000e+00
3.732500e+03 2.754024e+21 0.000000e+00
3.767040e+03 2.729220e+21 0.000000e+00
3.801900e+03 2.704128e+21 0.000000e+00
3.837070e+03 2.679500e+21 0.000000e+00
3.872580e+03 2.654597e+21 0.000000e+00
3.908410e+03 2.630167e+21 0.000000e+00
3.944570e+03 2.606176e+21 0.000000e+00
3.981070e+03 2.582611e+21 0.000000e+00
4.017910e+03 2.558828e+21 0.000000e+00
4.055090e+03 2.535465e+21 0.000000e+00
4.092610e+03 2.511906e+21 0.000000e+00
4.130480e+03 2.488776e+21 0.000000e+00
4.168700e+03 2.466067e+21 0.000000e+00
4.207270e+03 2.443769e+21 0.000000e+00
4.246200e+03 2.421284e+21 0.000000e+00
4.285490e+03 2.399209e+21 0.000000e+00
4.325140e+03 2.376968e+21 0.000000e+00
4.365160e+03 2.355136e+21 0.000000e+00
4.405550e+03 2.333701e+21 0.000000e+00
4.446310e+03 2.312117e+21 0.000000e+00
4.487460e+03 2.290930e+21 0.000000e+00
4.528980e+03 2.270127e+21 0.000000e+00
4.570880e+03 2.249193e+21 0.000000e+00
4.613180e+03 2.228641e+21 0.000000e+00
4.655860e+03 2.207973e+21 0.000000e+00
4.698940e+03 2.187686e+21 0.000000e+00
4.742420e+03 2.167768e+21 0.000000e+00
4.786300e+03 2.147748e+21 0.000000e+00
4.830590e+03 2.128094e+21 0.000000e+00
4.875290e+03 2.108797e+21 0.000000e+00
4.920400e+03 2.089410e+21 0.000000e+00
4.965930e+03 2.070376e+21 0.000000e+00
5.011870e+03 2.051265e+21 0.000000e+00
5.058250e+03 2.032504e+21 0.000000e+00
5.105050e+03 2.013677e+21 0.000000e+00
5.152290e+03 1.995196e+21 0.000000e+00
5.199960e+03 1.977050e+21 0.000000e+00
5.248080e+03 1.958849e+21 0.000000e+00
5.296640e+03 1.940979e+21 0.000000e+00
5.345650e+03 1.923062e+21 0.000000e+00
5.395110e+03 1.905473e+21 0.000000e+00
5.445030e+03 1.888203e+21 0.000000e+00
5.495410e+03 1.870893e+21 0.000000e+00
5.546260e+03 1.853554e+21 0.000000e+00
5.597580e+03 1.836534e+21 0.000000e+00
5.649370e+03 1.819823e+21 0.000000e+00
5.701650e+03 1.803088e+21 0.000000e+00
5.754400e+03 1.786659e+21 0.000000e+00
5.807650e+03 1.770212e+21 0.000000e+00
5.861380e+03 1.754069e+21 0.000000e+00
5.915620e+03 1.737912e+21 0.000000e+00
5.970360e+03 1.722048e+21 0.000000e+00
6.025600e+03 1.706182e+21 0.000000e+00
6.081350e+03 1.690606e+21 0.000000e+00
6.137620e+03 1.675033e+21 0.000000e+00
6.194410e+03 1.659743e+21 0.000000e+00
6.251730e+03 1.644456e+21 0.000000e+00
6.309580e+03 1.629450e+21 0.000000e+00
6.367960e+03 1.614458e+21 0.000000e+00
6.426880e+03 1.599736e+21 0.000000e+00
6.486350e+03 1.585030e+21 0.000000e+00
6.546360e+03 1.570591e+21 0.000000e+00
6.606940e+03 1.556171e+21 0.000000e+00
6.668070e+03 1.541775e+21 0.000000e+00
6.729770e+03 1.527643e+21 0.000000e+00
6.792040e+03 1.513769e+21 0.000000e+00
6.854890e+03 1.499693e+21 0.000000e+00
6.918310e+03 1.486098e+21 0.000000e+00
6.982330e+03 1.472312e+21 0.000000e+00
7.046930e+03 1.458996e+21 0.000000e+00
7.112140e+03 1.445498e+21 0.000000e+00
7.177950e+03 1.432248e+21 0.000000e+00
7.244360e+03 1.419237e+21 0.000000e+00
7.311390e+03 1.406066e+21 0.000000e+00
7.379050e+03 1.393332e+21 0.000000e+00
7.447320e+03 1.380447e+21 0.000000e+00
7.516230e+03 1.367794e+21 0.000000e+00
7.585780e+03 1.355375e+21 0.000000e+00
7.655970e+03 1.342815e+21 0.000000e+00
7.726810e+03 1.330488e+21 0.000000e+00
7.798300e+03 1.318385e+21 0.000000e+00
7.870460e+03 1.306329e+21 0.000000e+00
7.943290e+03 1.294324e+21 0.000000e+00
8.016780e+03 1.282373e+21 0.000000e+00
8.090960e+03 1.270642e+21 0.000000e+00
8.165830e+03 1.258964e+21 0.000000e+00
8.241380e+03 1.247499e+21 0.000000e+00
8.317640e+03 1.236088e+21 0.000000e+00
8.394600e+03 1.224734e+21 0.000000e+00
8.472280e+03 1.213439e+21 0.000000e+00
8.550670e+03 1.202351e+21 0.000000e+00
8.629790e+03 1.191321e+21 0.000000e+00
8.709640e+03 1.180353e+21 0.000000e+00
8.790230e+03 1.169585e+21 0.000000e+00
8.871560e+03 1.158878e+21 0.000000e+00
8.953650e+03 1.148232e+21 0.000000e+00
9.036500e+03 1.137651e+21 0.000000e+00
9.120110e+03 1.127264e+21 0.000000e+00
9.204500e+03 1.116939e+21 0.000000e+00
9.289670e+03 1.106679e+21 0.000000e+00
9.375620e+03 1.096607e+21 0.000000e+00
9.462380e+03 1.086479e+21 0.000000e+00
9.549930e+03 1.076536e+21 0.000000e+00
9.638290e+03 1.066662e+21 0.000000e+00
9.727480e+03 1.056854e+21 0.000000e+00
9.817480e+03 1.047225e+21 0.000000e+00
9.908320e+03 1.037554e+21 0.000000e+00
