# real and imag parts of the whitening filter for SMOOTHED!! VIRGO detector
# data format:  f (Hz)  re(W(f)) im(W(f)) (both in units of rHz/strain)
#
0.000000e+00 1.050420e+01 0.000000e+00
1.012000e-01 1.050420e+01 0.000000e+00
1.023000e-01 1.234111e+01 0.000000e+00
1.035000e-01 1.450116e+01 0.000000e+00
1.047000e-01 1.703578e+01 0.000000e+00
1.059000e-01 2.001601e+01 0.000000e+00
1.072000e-01 2.351834e+01 0.000000e+00
1.084000e-01 2.763194e+01 0.000000e+00
1.096000e-01 3.245699e+01 0.000000e+00
1.109000e-01 3.813883e+01 0.000000e+00
1.122000e-01 4.480287e+01 0.000000e+00
1.135000e-01 5.265929e+01 0.000000e+00
1.148000e-01 6.184292e+01 0.000000e+00
1.161000e-01 7.267442e+01 0.000000e+00
1.175000e-01 8.539709e+01 0.000000e+00
1.189000e-01 1.003009e+02 0.000000e+00
1.202000e-01 1.179245e+02 0.000000e+00
1.216000e-01 1.385042e+02 0.000000e+00
1.230000e-01 1.626016e+02 0.000000e+00
1.245000e-01 1.912046e+02 0.000000e+00
1.259000e-01 2.247191e+02 0.000000e+00
1.274000e-01 2.638522e+02 0.000000e+00
1.288000e-01 3.095975e+02 0.000000e+00
1.303000e-01 3.636364e+02 0.000000e+00
1.318000e-01 4.273504e+02 0.000000e+00
1.334000e-01 5.025126e+02 0.000000e+00
1.349000e-01 5.917160e+02 0.000000e+00
1.365000e-01 6.944444e+02 0.000000e+00
1.380000e-01 8.130081e+02 0.000000e+00
1.396000e-01 9.615385e+02 0.000000e+00
1.413000e-01 1.125619e+03 0.000000e+00
1.429000e-01 1.322401e+03 0.000000e+00
1.445000e-01 1.553760e+03 0.000000e+00
1.462000e-01 1.825484e+03 0.000000e+00
1.479000e-01 2.144542e+03 0.000000e+00
1.496000e-01 2.519526e+03 0.000000e+00
1.514000e-01 2.960331e+03 0.000000e+00
1.531000e-01 3.478261e+03 0.000000e+00
1.549000e-01 4.086637e+03 0.000000e+00
1.567000e-01 4.800768e+03 0.000000e+00
1.585000e-01 5.640158e+03 0.000000e+00
1.603000e-01 6.626905e+03 0.000000e+00
1.622000e-01 7.788162e+03 0.000000e+00
1.641000e-01 9.149131e+03 0.000000e+00
1.660000e-01 1.074922e+04 0.000000e+00
1.679000e-01 1.262945e+04 0.000000e+00
1.698000e-01 1.483680e+04 0.000000e+00
1.718000e-01 1.743375e+04 0.000000e+00
1.738000e-01 2.048341e+04 0.000000e+00
1.758000e-01 2.406160e+04 0.000000e+00
1.778000e-01 2.827255e+04 0.000000e+00
1.799000e-01 3.322259e+04 0.000000e+00
1.820000e-01 3.903201e+04 0.000000e+00
1.841000e-01 4.585053e+04 0.000000e+00
1.862000e-01 5.387931e+04 0.000000e+00
1.884000e-01 6.329114e+04 0.000000e+00
1.905000e-01 7.434944e+04 0.000000e+00
1.928000e-01 8.733625e+04 0.000000e+00
1.950000e-01 1.026483e+05 0.000000e+00
1.972000e-01 1.206127e+05 0.000000e+00
1.995000e-01 1.417033e+05 0.000000e+00
2.018000e-01 1.664724e+05 0.000000e+00
2.042000e-01 1.956182e+05 0.000000e+00
2.065000e-01 2.298322e+05 0.000000e+00
2.089000e-01 2.699784e+05 0.000000e+00
2.113000e-01 3.172589e+05 0.000000e+00
2.138000e-01 3.727171e+05 0.000000e+00
2.163000e-01 4.378284e+05 0.000000e+00
2.188000e-01 5.144033e+05 0.000000e+00
2.213000e-01 6.045949e+05 0.000000e+00
2.239000e-01 7.102273e+05 0.000000e+00
2.265000e-01 8.347246e+05 0.000000e+00
2.291000e-01 9.803921e+05 0.000000e+00
2.317000e-01 1.151808e+06 0.000000e+00
2.344000e-01 1.353180e+06 0.000000e+00
2.371000e-01 1.589825e+06 0.000000e+00
2.399000e-01 1.868111e+06 0.000000e+00
2.427000e-01 2.194908e+06 0.000000e+00
2.455000e-01 2.578649e+06 0.000000e+00
2.483000e-01 3.029385e+06 0.000000e+00
2.512000e-01 3.559986e+06 0.000000e+00
2.541000e-01 4.182351e+06 0.000000e+00
2.570000e-01 4.914005e+06 0.000000e+00
2.600000e-01 5.773672e+06 0.000000e+00
2.630000e-01 6.784260e+06 0.000000e+00
2.661000e-01 7.968128e+06 0.000000e+00
2.692000e-01 9.363296e+06 0.000000e+00
2.723000e-01 1.099989e+07 0.000000e+00
2.754000e-01 1.292324e+07 0.000000e+00
2.786000e-01 1.518372e+07 0.000000e+00
2.818000e-01 1.783803e+07 0.000000e+00
2.851000e-01 2.095997e+07 0.000000e+00
2.884000e-01 2.462448e+07 0.000000e+00
2.917000e-01 2.893519e+07 0.000000e+00
2.951000e-01 3.399048e+07 0.000000e+00
2.985000e-01 3.993610e+07 0.000000e+00
3.020000e-01 4.692632e+07 0.000000e+00
3.055000e-01 5.512679e+07 0.000000e+00
3.090000e-01 6.476684e+07 0.000000e+00
3.126000e-01 7.610350e+07 0.000000e+00
3.162000e-01 8.944544e+07 0.000000e+00
3.199000e-01 1.050420e+08 0.000000e+00
3.236000e-01 1.234111e+08 0.000000e+00
3.273000e-01 1.450116e+08 0.000000e+00
3.311000e-01 1.703578e+08 0.000000e+00
3.350000e-01 2.001601e+08 0.000000e+00
3.388000e-01 2.351834e+08 0.000000e+00
3.428000e-01 2.763194e+08 0.000000e+00
3.467000e-01 3.245700e+08 0.000000e+00
3.508000e-01 3.813883e+08 0.000000e+00
3.548000e-01 4.480287e+08 0.000000e+00
3.589000e-01 5.265929e+08 0.000000e+00
3.631000e-01 6.184292e+08 0.000000e+00
3.673000e-01 7.267442e+08 0.000000e+00
3.715000e-01 8.539710e+08 0.000000e+00
3.758000e-01 1.003210e+09 0.000000e+00
3.802000e-01 1.178550e+09 0.000000e+00
3.846000e-01 1.384658e+09 0.000000e+00
3.890000e-01 1.626810e+09 0.000000e+00
3.936000e-01 1.911315e+09 0.000000e+00
3.981000e-01 2.245677e+09 0.000000e+00
4.027000e-01 2.638522e+09 0.000000e+00
4.074000e-01 3.099814e+09 0.000000e+00
4.121000e-01 3.641660e+09 0.000000e+00
4.169000e-01 4.278990e+09 0.000000e+00
4.217000e-01 5.027652e+09 0.000000e+00
4.266000e-01 5.906674e+09 0.000000e+00
4.315000e-01 6.939625e+09 0.000000e+00
4.365000e-01 8.156607e+09 0.000000e+00
4.416000e-01 9.578544e+09 0.000000e+00
4.467000e-01 1.125619e+10 0.000000e+00
4.519000e-01 1.322401e+10 0.000000e+00
4.571000e-01 1.553760e+10 0.000000e+00
4.624000e-01 1.825484e+10 0.000000e+00
4.677000e-01 2.144542e+10 0.000000e+00
4.732000e-01 2.519526e+10 0.000000e+00
4.786000e-01 2.960332e+10 0.000000e+00
4.842000e-01 3.478261e+10 0.000000e+00
4.898000e-01 4.086637e+10 0.000000e+00
4.955000e-01 4.800768e+10 0.000000e+00
5.012000e-01 5.640158e+10 0.000000e+00
5.070000e-01 6.626905e+10 0.000000e+00
5.129000e-01 7.788162e+10 0.000000e+00
5.188000e-01 9.149131e+10 0.000000e+00
5.248000e-01 1.074922e+11 0.000000e+00
5.309000e-01 1.262945e+11 0.000000e+00
5.370000e-01 1.483680e+11 0.000000e+00
5.433000e-01 1.743375e+11 0.000000e+00
5.495000e-01 2.048341e+11 0.000000e+00
5.559000e-01 2.406160e+11 0.000000e+00
5.623000e-01 2.827255e+11 0.000000e+00
5.689000e-01 3.322259e+11 0.000000e+00
5.754000e-01 3.903200e+11 0.000000e+00
5.821000e-01 4.585053e+11 0.000000e+00
5.888000e-01 5.387931e+11 0.000000e+00
5.957000e-01 4.823927e+11 0.000000e+00
6.026000e-01 7.434944e+11 0.000000e+00
6.095000e-01 8.733624e+11 0.000000e+00
6.166000e-01 1.026483e+12 0.000000e+00
6.237000e-01 1.206127e+12 0.000000e+00
6.310000e-01 1.417033e+12 0.000000e+00
6.383000e-01 1.664725e+12 0.000000e+00
6.457000e-01 1.956181e+12 0.000000e+00
6.531000e-01 2.298322e+12 0.000000e+00
6.607000e-01 2.699784e+12 0.000000e+00
6.683000e-01 3.172589e+12 0.000000e+00
6.761000e-01 3.727171e+12 0.000000e+00
6.839000e-01 4.378284e+12 0.000000e+00
6.918000e-01 5.144033e+12 0.000000e+00
6.998000e-01 6.045949e+12 0.000000e+00
7.079000e-01 7.102273e+12 0.000000e+00
7.161000e-01 8.347245e+12 0.000000e+00
7.244000e-01 9.803922e+12 0.000000e+00
7.328000e-01 1.151808e+13 0.000000e+00
7.413000e-01 1.353180e+13 0.000000e+00
7.499000e-01 1.589825e+13 0.000000e+00
7.586000e-01 1.868111e+13 0.000000e+00
7.674000e-01 2.194908e+13 0.000000e+00
7.762000e-01 2.578649e+13 0.000000e+00
7.852000e-01 3.029385e+13 0.000000e+00
7.943000e-01 3.559986e+13 0.000000e+00
8.035000e-01 4.182350e+13 0.000000e+00
8.128000e-01 4.914005e+13 0.000000e+00
8.222000e-01 5.773672e+13 0.000000e+00
8.318000e-01 6.784261e+13 0.000000e+00
8.414000e-01 7.968127e+13 0.000000e+00
8.511000e-01 9.363296e+13 0.000000e+00
8.610000e-01 1.099989e+14 0.000000e+00
8.710000e-01 1.292324e+14 0.000000e+00
8.810000e-01 1.518372e+14 0.000000e+00
8.913000e-01 1.783803e+14 0.000000e+00
9.016000e-01 2.095997e+14 0.000000e+00
9.120000e-01 2.462448e+14 0.000000e+00
9.226000e-01 2.893518e+14 0.000000e+00
9.333000e-01 3.399048e+14 0.000000e+00
9.441000e-01 3.993610e+14 0.000000e+00
9.550000e-01 4.692633e+14 0.000000e+00
9.661000e-01 5.512679e+14 0.000000e+00
9.772000e-01 6.476684e+14 0.000000e+00
9.886000e-01 7.610350e+14 0.000000e+00
1.000000e+00 8.944544e+14 0.000000e+00
1.012000e+00 1.050420e+15 0.000000e+00
1.023000e+00 1.234111e+15 0.000000e+00
1.035000e+00 1.449906e+15 0.000000e+00
1.047000e+00 1.703577e+15 0.000000e+00
1.059000e+00 2.001601e+15 0.000000e+00
1.072000e+00 2.351834e+15 0.000000e+00
1.084000e+00 2.763194e+15 0.000000e+00
1.096000e+00 3.245699e+15 0.000000e+00
1.109000e+00 3.813883e+15 0.000000e+00
1.122000e+00 4.480287e+15 0.000000e+00
1.135000e+00 5.265930e+15 0.000000e+00
1.148000e+00 6.184292e+15 0.000000e+00
1.161000e+00 7.267442e+15 0.000000e+00
1.175000e+00 8.539709e+15 0.000000e+00
1.189000e+00 1.003110e+16 0.000000e+00
1.202000e+00 1.178550e+16 0.000000e+00
1.216000e+00 1.384658e+16 0.000000e+00
1.230000e+00 1.626810e+16 0.000000e+00
1.245000e+00 1.911315e+16 0.000000e+00
1.259000e+00 2.245677e+16 0.000000e+00
1.274000e+00 2.637827e+16 0.000000e+00
1.288000e+00 3.098853e+16 0.000000e+00
1.303000e+00 3.641660e+16 0.000000e+00
1.318000e+00 4.277160e+16 0.000000e+00
1.334000e+00 5.025126e+16 0.000000e+00
1.349000e+00 5.903188e+16 0.000000e+00
1.365000e+00 6.934813e+16 0.000000e+00
1.380000e+00 8.143323e+16 0.000000e+00
1.396000e+00 9.569378e+16 0.000000e+00
1.413000e+00 1.123469e+17 0.000000e+00
1.429000e+00 1.319261e+17 0.000000e+00
1.445000e+00 1.548947e+17 0.000000e+00
1.462000e+00 1.818182e+17 0.000000e+00
1.479000e+00 2.133561e+17 0.000000e+00
1.496000e+00 2.503129e+17 0.000000e+00
1.514000e+00 2.935134e+17 0.000000e+00
1.531000e+00 3.439973e+17 0.000000e+00
1.549000e+00 4.029009e+17 0.000000e+00
1.567000e+00 4.714757e+17 0.000000e+00
1.585000e+00 5.509642e+17 0.000000e+00
1.603000e+00 6.430868e+17 0.000000e+00
1.622000e+00 7.490637e+17 0.000000e+00
1.641000e+00 8.703220e+17 0.000000e+00
1.660000e+00 1.009082e+18 0.000000e+00
1.679000e+00 1.165365e+18 0.000000e+00
1.698000e+00 1.340303e+18 0.000000e+00
1.718000e+00 1.533742e+18 0.000000e+00
1.738000e+00 1.744896e+18 0.000000e+00
1.758000e+00 1.971998e+18 0.000000e+00
1.778000e+00 2.212389e+18 0.000000e+00
1.799000e+00 2.462448e+18 0.000000e+00
1.820000e+00 2.718130e+18 0.000000e+00
1.841000e+00 2.975305e+18 0.000000e+00
1.862000e+00 3.229974e+18 0.000000e+00
1.884000e+00 3.479471e+18 0.000000e+00
1.905000e+00 3.723008e+18 0.000000e+00
1.928000e+00 3.957261e+18 0.000000e+00
1.950000e+00 4.182351e+18 0.000000e+00
1.972000e+00 4.399472e+18 0.000000e+00
1.995000e+00 4.610420e+18 0.000000e+00
2.018000e+00 4.814637e+18 0.000000e+00
2.042000e+00 5.015045e+18 0.000000e+00
2.065000e+00 5.213764e+18 0.000000e+00
2.089000e+00 5.411256e+18 0.000000e+00
2.113000e+00 5.605381e+18 0.000000e+00
2.138000e+00 5.803830e+18 0.000000e+00
2.163000e+00 6.002401e+18 0.000000e+00
2.188000e+00 6.203474e+18 0.000000e+00
2.213000e+00 6.410257e+18 0.000000e+00
2.239000e+00 6.618134e+18 0.000000e+00
2.265000e+00 6.830601e+18 0.000000e+00
2.291000e+00 7.047216e+18 0.000000e+00
2.317000e+00 7.272727e+18 0.000000e+00
2.344000e+00 7.501875e+18 0.000000e+00
2.371000e+00 7.733952e+18 0.000000e+00
2.399000e+00 7.974482e+18 0.000000e+00
2.427000e+00 8.223684e+18 0.000000e+00
2.455000e+00 8.481764e+18 0.000000e+00
2.483000e+00 8.741259e+18 0.000000e+00
2.512000e+00 9.009009e+18 0.000000e+00
2.541000e+00 9.285051e+18 0.000000e+00
2.570000e+00 9.569378e+18 0.000000e+00
2.600000e+00 9.871668e+18 0.000000e+00
2.630000e+00 1.016984e+19 0.000000e+00
2.661000e+00 1.048108e+19 0.000000e+00
2.692000e+00 1.080147e+19 0.000000e+00
2.723000e+00 1.113090e+19 0.000000e+00
2.754000e+00 1.146921e+19 0.000000e+00
2.786000e+00 1.181893e+19 0.000000e+00
2.818000e+00 1.217730e+19 0.000000e+00
2.851000e+00 1.254705e+19 0.000000e+00
2.884000e+00 1.292825e+19 0.000000e+00
2.917000e+00 1.332090e+19 0.000000e+00
2.951000e+00 1.372307e+19 0.000000e+00
2.985000e+00 1.413827e+19 0.000000e+00
3.020000e+00 1.456664e+19 0.000000e+00
3.055000e+00 1.500600e+19 0.000000e+00
3.090000e+00 1.545834e+19 0.000000e+00
3.126000e+00 1.592357e+19 0.000000e+00
3.162000e+00 1.640420e+19 0.000000e+00
3.199000e+00 1.689760e+19 0.000000e+00
3.236000e+00 1.740341e+19 0.000000e+00
3.273000e+00 1.792757e+19 0.000000e+00
3.311000e+00 1.846722e+19 0.000000e+00
3.350000e+00 1.901864e+19 0.000000e+00
3.388000e+00 1.958864e+19 0.000000e+00
3.428000e+00 2.017756e+19 0.000000e+00
3.467000e+00 2.078138e+19 0.000000e+00
3.508000e+00 2.139953e+19 0.000000e+00
3.548000e+00 2.204100e+19 0.000000e+00
3.589000e+00 2.269632e+19 0.000000e+00
3.631000e+00 2.337541e+19 0.000000e+00
3.673000e+00 2.407318e+19 0.000000e+00
3.715000e+00 2.478929e+19 0.000000e+00
3.758000e+00 2.552974e+19 0.000000e+00
3.802000e+00 2.628812e+19 0.000000e+00
3.846000e+00 2.707093e+19 0.000000e+00
3.890000e+00 2.787068e+19 0.000000e+00
3.936000e+00 2.870264e+19 0.000000e+00
3.981000e+00 2.955083e+19 0.000000e+00
4.027000e+00 3.043214e+19 0.000000e+00
4.074000e+00 3.132832e+19 0.000000e+00
4.121000e+00 3.225807e+19 0.000000e+00
4.169000e+00 3.321156e+19 0.000000e+00
4.217000e+00 3.419973e+19 0.000000e+00
4.266000e+00 3.519887e+19 0.000000e+00
4.315000e+00 3.624502e+19 0.000000e+00
4.365000e+00 3.731343e+19 0.000000e+00
4.416000e+00 3.841721e+19 0.000000e+00
4.467000e+00 3.954132e+19 0.000000e+00
4.519000e+00 4.070004e+19 0.000000e+00
4.571000e+00 4.189359e+19 0.000000e+00
4.624000e+00 4.314064e+19 0.000000e+00
4.677000e+00 4.440497e+19 0.000000e+00
4.732000e+00 4.570384e+19 0.000000e+00
4.786000e+00 4.703669e+19 0.000000e+00
4.842000e+00 4.840271e+19 0.000000e+00
4.898000e+00 4.982561e+19 0.000000e+00
4.955000e+00 5.125577e+19 0.000000e+00
5.012000e+00 5.274261e+19 0.000000e+00
5.070000e+00 5.428882e+19 0.000000e+00
5.129000e+00 5.583473e+19 0.000000e+00
5.188000e+00 5.743825e+19 0.000000e+00
5.248000e+00 5.910165e+19 0.000000e+00
5.309000e+00 6.079027e+19 0.000000e+00
5.370000e+00 6.250000e+19 0.000000e+00
5.433000e+00 6.426735e+19 0.000000e+00
5.495000e+00 6.605020e+19 0.000000e+00
5.559000e+00 6.784261e+19 0.000000e+00
5.623000e+00 6.968641e+19 0.000000e+00
5.689000e+00 7.158196e+19 0.000000e+00
5.754000e+00 7.342144e+19 0.000000e+00
5.821000e+00 7.530120e+19 0.000000e+00
5.888000e+00 7.710100e+19 0.000000e+00
5.957000e+00 7.886435e+19 0.000000e+00
7.852000e+00 1.524390e+20 0.000000e+00
7.943000e+00 1.585037e+20 0.000000e+00
8.035000e+00 1.644196e+20 0.000000e+00
8.128000e+00 1.702997e+20 0.000000e+00
8.222000e+00 1.761804e+20 0.000000e+00
8.318000e+00 1.820830e+20 0.000000e+00
8.414000e+00 1.880406e+20 0.000000e+00
8.511000e+00 1.941371e+20 0.000000e+00
8.610000e+00 2.002804e+20 0.000000e+00
8.710000e+00 2.065689e+20 0.000000e+00
8.810000e+00 2.129925e+20 0.000000e+00
8.913000e+00 2.195872e+20 0.000000e+00
9.016000e+00 2.262955e+20 0.000000e+00
9.120000e+00 2.332090e+20 0.000000e+00
9.226000e+00 2.402691e+20 0.000000e+00
9.333000e+00 2.475247e+20 0.000000e+00
9.441000e+00 2.549719e+20 0.000000e+00
9.550000e+00 2.626051e+20 0.000000e+00
9.661000e+00 2.704896e+20 0.000000e+00
9.772000e+00 2.785515e+20 0.000000e+00
9.886000e+00 2.867795e+20 0.000000e+00
1.000000e+01 2.953337e+20 0.000000e+00
1.012000e+01 3.040438e+20 0.000000e+00
1.023000e+01 3.130870e+20 0.000000e+00
1.035000e+01 3.222688e+20 0.000000e+00
1.047000e+01 3.317850e+20 0.000000e+00
1.059000e+01 3.415300e+20 0.000000e+00
1.072000e+01 3.516174e+20 0.000000e+00
1.084000e+01 3.619255e+20 0.000000e+00
1.096000e+01 3.725782e+20 0.000000e+00
1.109000e+01 3.834356e+20 0.000000e+00
1.122000e+01 3.946330e+20 0.000000e+00
1.135000e+01 4.061738e+20 0.000000e+00
1.148000e+01 4.180602e+20 0.000000e+00
1.161000e+01 4.302926e+20 0.000000e+00
1.175000e+01 4.428698e+20 0.000000e+00
1.189000e+01 4.557885e+20 0.000000e+00
1.202000e+01 4.690431e+20 0.000000e+00
1.216000e+01 4.828585e+20 0.000000e+00
1.230000e+01 4.967710e+20 0.000000e+00
1.245000e+01 5.112474e+20 0.000000e+00
1.259000e+01 5.260389e+20 0.000000e+00
1.274000e+01 5.414185e+20 0.000000e+00
1.288000e+01 5.571031e+20 0.000000e+00
1.303000e+01 5.733945e+20 0.000000e+00
1.318000e+01 5.899705e+20 0.000000e+00
1.334000e+01 6.067961e+20 0.000000e+00
1.349000e+01 6.246096e+20 0.000000e+00
1.365000e+01 6.426735e+20 0.000000e+00
1.380000e+01 6.613756e+20 0.000000e+00
1.396000e+01 6.802721e+20 0.000000e+00
1.413000e+01 6.997900e+20 0.000000e+00
1.429000e+01 7.199424e+20 0.000000e+00
1.445000e+01 7.407408e+20 0.000000e+00
1.462000e+01 7.621951e+20 0.000000e+00
1.479000e+01 7.843138e+20 0.000000e+00
1.496000e+01 8.064516e+20 0.000000e+00
1.514000e+01 8.298755e+20 0.000000e+00
1.531000e+01 8.539710e+20 0.000000e+00
1.549000e+01 8.779631e+20 0.000000e+00
1.567000e+01 9.033424e+20 0.000000e+00
1.585000e+01 9.293680e+20 0.000000e+00
1.603000e+01 9.560230e+20 0.000000e+00
1.622000e+01 9.832842e+20 0.000000e+00
1.641000e+01 1.011225e+21 0.000000e+00
1.660000e+01 1.040042e+21 0.000000e+00
1.679000e+01 1.069748e+21 0.000000e+00
1.698000e+01 1.100231e+21 0.000000e+00
1.718000e+01 1.131478e+21 0.000000e+00
1.738000e+01 1.163603e+21 0.000000e+00
1.758000e+01 1.196602e+21 0.000000e+00
1.778000e+01 1.230618e+21 0.000000e+00
1.799000e+01 1.265342e+21 0.000000e+00
1.820000e+01 1.301067e+21 0.000000e+00
1.841000e+01 1.337793e+21 0.000000e+00
1.862000e+01 1.375516e+21 0.000000e+00
1.884000e+01 1.414227e+21 0.000000e+00
1.905000e+01 1.454122e+21 0.000000e+00
1.928000e+01 1.494768e+21 0.000000e+00
1.950000e+01 1.536570e+21 0.000000e+00
1.972000e+01 1.579529e+21 0.000000e+00
1.995000e+01 1.623640e+21 0.000000e+00
2.018000e+01 1.668892e+21 0.000000e+00
2.042000e+01 1.715266e+21 0.000000e+00
2.065000e+01 1.763047e+21 0.000000e+00
2.089000e+01 1.811594e+21 0.000000e+00
2.113000e+01 1.861851e+21 0.000000e+00
2.138000e+01 1.913143e+21 0.000000e+00
2.163000e+01 1.965795e+21 0.000000e+00
2.188000e+01 2.019794e+21 0.000000e+00
2.213000e+01 2.074689e+21 0.000000e+00
2.239000e+01 2.131287e+21 0.000000e+00
2.265000e+01 2.189621e+21 0.000000e+00
2.291000e+01 2.248707e+21 0.000000e+00
2.317000e+01 2.309469e+21 0.000000e+00
2.344000e+01 2.371916e+21 0.000000e+00
2.371000e+01 2.435460e+21 0.000000e+00
2.399000e+01 2.500625e+21 0.000000e+00
2.427000e+01 2.567394e+21 0.000000e+00
2.455000e+01 2.635741e+21 0.000000e+00
2.483000e+01 2.705628e+21 0.000000e+00
2.512000e+01 2.777006e+21 0.000000e+00
2.541000e+01 2.849815e+21 0.000000e+00
2.570000e+01 2.924832e+21 0.000000e+00
2.600000e+01 3.001200e+21 0.000000e+00
2.630000e+01 3.078818e+21 0.000000e+00
2.661000e+01 3.158560e+21 0.000000e+00
2.692000e+01 3.239391e+21 0.000000e+00
2.723000e+01 3.322259e+21 0.000000e+00
2.754000e+01 3.405995e+21 0.000000e+00
2.786000e+01 3.492840e+21 0.000000e+00
2.818000e+01 3.580379e+21 0.000000e+00
2.851000e+01 3.669725e+21 0.000000e+00
2.884000e+01 3.760812e+21 0.000000e+00
2.917000e+01 3.853565e+21 0.000000e+00
2.951000e+01 3.947888e+21 0.000000e+00
2.985000e+01 4.043672e+21 0.000000e+00
3.020000e+01 4.140787e+21 0.000000e+00
3.055000e+01 4.240882e+21 0.000000e+00
3.090000e+01 4.342162e+21 0.000000e+00
3.126000e+01 4.444445e+21 0.000000e+00
3.162000e+01 4.547522e+21 0.000000e+00
3.199000e+01 4.653327e+21 0.000000e+00
3.236000e+01 4.759638e+21 0.000000e+00
3.273000e+01 4.868549e+21 0.000000e+00
3.311000e+01 4.980080e+21 0.000000e+00
3.350000e+01 5.091650e+21 0.000000e+00
3.388000e+01 5.202914e+21 0.000000e+00
3.428000e+01 5.319149e+21 0.000000e+00
3.467000e+01 5.434783e+21 0.000000e+00
3.508000e+01 5.549390e+21 0.000000e+00
3.548000e+01 5.668934e+21 0.000000e+00
3.589000e+01 5.787037e+21 0.000000e+00
3.631000e+01 5.906675e+21 0.000000e+00
3.673000e+01 6.027728e+21 0.000000e+00
3.715000e+01 6.150062e+21 0.000000e+00
3.758000e+01 6.273526e+21 0.000000e+00
3.802000e+01 6.397953e+21 0.000000e+00
3.846000e+01 6.523157e+21 0.000000e+00
3.890000e+01 6.648936e+21 0.000000e+00
3.936000e+01 6.775068e+21 0.000000e+00
3.981000e+01 6.901311e+21 0.000000e+00
4.027000e+01 7.032349e+21 0.000000e+00
4.074000e+01 7.158196e+21 0.000000e+00
4.121000e+01 7.288630e+21 0.000000e+00
4.169000e+01 7.418398e+21 0.000000e+00
4.217000e+01 7.547169e+21 0.000000e+00
4.266000e+01 7.674597e+21 0.000000e+00
4.315000e+01 7.806401e+21 0.000000e+00
4.365000e+01 7.936508e+21 0.000000e+00
4.416000e+01 8.064516e+21 0.000000e+00
4.467000e+01 8.196721e+21 0.000000e+00
4.519000e+01 8.326395e+21 0.000000e+00
4.571000e+01 8.453085e+21 0.000000e+00
4.624000e+01 8.583691e+21 0.000000e+00
4.677000e+01 8.710801e+21 0.000000e+00
4.732000e+01 8.841733e+21 0.000000e+00
4.786000e+01 8.968610e+21 0.000000e+00
4.842000e+01 9.099181e+21 0.000000e+00
4.898000e+01 9.225092e+21 0.000000e+00
4.955000e+01 9.354536e+21 0.000000e+00
5.012000e+01 9.478673e+21 0.000000e+00
5.070000e+01 9.606148e+21 0.000000e+00
5.129000e+01 9.727627e+21 0.000000e+00
5.188000e+01 9.852217e+21 0.000000e+00
5.248000e+01 9.980040e+21 0.000000e+00
5.309000e+01 1.010305e+22 0.000000e+00
5.370000e+01 1.022495e+22 0.000000e+00
5.433000e+01 1.034768e+22 0.000000e+00
5.495000e+01 1.046901e+22 0.000000e+00
5.559000e+01 1.058873e+22 0.000000e+00
5.623000e+01 1.070893e+22 0.000000e+00
5.689000e+01 1.082720e+22 0.000000e+00
5.754000e+01 1.094571e+22 0.000000e+00
5.821000e+01 1.106317e+22 0.000000e+00
5.888000e+01 1.117943e+22 0.000000e+00
5.957000e+01 1.129561e+22 0.000000e+00
6.026000e+01 1.141032e+22 0.000000e+00
6.095000e+01 1.152339e+22 0.000000e+00
6.166000e+01 1.163738e+22 0.000000e+00
6.237000e+01 1.174950e+22 0.000000e+00
6.310000e+01 1.186099e+22 0.000000e+00
6.383000e+01 1.197175e+22 0.000000e+00
6.457000e+01 1.208313e+22 0.000000e+00
6.531000e+01 1.219215e+22 0.000000e+00
6.607000e+01 1.230012e+22 0.000000e+00
6.683000e+01 1.240849e+22 0.000000e+00
6.761000e+01 1.251564e+22 0.000000e+00
6.839000e+01 1.262148e+22 0.000000e+00
6.918000e+01 1.272750e+22 0.000000e+00
6.998000e+01 1.283368e+22 0.000000e+00
7.079000e+01 1.293828e+22 0.000000e+00
7.161000e+01 1.304121e+22 0.000000e+00
7.244000e+01 1.314406e+22 0.000000e+00
7.328000e+01 1.324679e+22 0.000000e+00
7.413000e+01 1.334935e+22 0.000000e+00
7.499000e+01 1.345171e+22 0.000000e+00
7.586000e+01 1.355197e+22 0.000000e+00
7.674000e+01 1.365374e+22 0.000000e+00
7.762000e+01 1.375327e+22 0.000000e+00
7.852000e+01 1.385233e+22 0.000000e+00
7.943000e+01 1.395284e+22 0.000000e+00
8.035000e+01 1.405086e+22 0.000000e+00
8.128000e+01 1.414827e+22 0.000000e+00
8.222000e+01 1.424704e+22 0.000000e+00
8.318000e+01 1.434514e+22 0.000000e+00
8.414000e+01 1.444252e+22 0.000000e+00
8.511000e+01 1.453911e+22 0.000000e+00
8.610000e+01 1.463486e+22 0.000000e+00
8.710000e+01 1.473188e+22 0.000000e+00
8.810000e+01 1.482799e+22 0.000000e+00
8.913000e+01 1.492315e+22 0.000000e+00
9.016000e+01 1.501953e+22 0.000000e+00
9.120000e+01 1.511487e+22 0.000000e+00
9.226000e+01 1.521144e+22 0.000000e+00
9.333000e+01 1.530456e+22 0.000000e+00
9.441000e+01 1.540120e+22 0.000000e+00
9.550000e+01 1.549427e+22 0.000000e+00
9.661000e+01 1.558846e+22 0.000000e+00
9.772000e+01 1.568381e+22 0.000000e+00
9.886000e+01 1.577785e+22 0.000000e+00
1.000000e+02 1.587302e+22 0.000000e+00
1.012000e+02 1.596679e+22 0.000000e+00
1.023000e+02 1.606168e+22 0.000000e+00
1.035000e+02 1.615509e+22 0.000000e+00
1.047000e+02 1.624959e+22 0.000000e+00
1.059000e+02 1.634254e+22 0.000000e+00
1.072000e+02 1.643655e+22 0.000000e+00
1.084000e+02 1.652893e+22 0.000000e+00
1.096000e+02 1.662510e+22 0.000000e+00
1.109000e+02 1.671682e+22 0.000000e+00
1.122000e+02 1.681237e+22 0.000000e+00
1.135000e+02 1.690617e+22 0.000000e+00
1.148000e+02 1.699813e+22 0.000000e+00
1.161000e+02 1.709402e+22 0.000000e+00
1.175000e+02 1.718508e+22 0.000000e+00
1.189000e+02 1.728011e+22 0.000000e+00
1.202000e+02 1.737318e+22 0.000000e+00
1.216000e+02 1.746725e+22 0.000000e+00
1.230000e+02 1.756235e+22 0.000000e+00
1.245000e+02 1.765537e+22 0.000000e+00
1.259000e+02 1.774938e+22 0.000000e+00
1.274000e+02 1.784440e+22 0.000000e+00
1.288000e+02 1.794044e+22 0.000000e+00
1.303000e+02 1.803427e+22 0.000000e+00
1.318000e+02 1.812908e+22 0.000000e+00
1.334000e+02 1.822157e+22 0.000000e+00
1.349000e+02 1.831502e+22 0.000000e+00
1.365000e+02 1.841282e+22 0.000000e+00
1.380000e+02 1.850481e+22 0.000000e+00
1.396000e+02 1.860119e+22 0.000000e+00
1.413000e+02 1.869508e+22 0.000000e+00
1.429000e+02 1.878993e+22 0.000000e+00
1.445000e+02 1.888574e+22 0.000000e+00
1.462000e+02 1.897893e+22 0.000000e+00
1.479000e+02 1.907669e+22 0.000000e+00
1.496000e+02 1.917178e+22 0.000000e+00
1.514000e+02 1.926411e+22 0.000000e+00
1.531000e+02 1.936108e+22 0.000000e+00
1.549000e+02 1.945525e+22 0.000000e+00
1.567000e+02 1.955034e+22 0.000000e+00
1.585000e+02 1.964637e+22 0.000000e+00
1.603000e+02 1.974334e+22 0.000000e+00
1.622000e+02 1.983733e+22 0.000000e+00
1.641000e+02 1.993223e+22 0.000000e+00
1.660000e+02 2.002804e+22 0.000000e+00
1.679000e+02 2.012477e+22 0.000000e+00
1.698000e+02 2.021836e+22 0.000000e+00
1.718000e+02 2.031694e+22 0.000000e+00
1.738000e+02 2.041233e+22 0.000000e+00
1.758000e+02 2.050861e+22 0.000000e+00
1.778000e+02 2.060157e+22 0.000000e+00
1.799000e+02 2.069536e+22 0.000000e+00
1.820000e+02 2.079434e+22 0.000000e+00
1.841000e+02 2.088991e+22 0.000000e+00
1.862000e+02 2.098196e+22 0.000000e+00
1.884000e+02 2.107926e+22 0.000000e+00
1.905000e+02 2.117298e+22 0.000000e+00
1.928000e+02 2.126755e+22 0.000000e+00
1.950000e+02 2.136296e+22 0.000000e+00
1.972000e+02 2.145923e+22 0.000000e+00
1.995000e+02 2.155172e+22 0.000000e+00
2.018000e+02 2.164502e+22 0.000000e+00
2.042000e+02 2.173913e+22 0.000000e+00
2.065000e+02 2.183406e+22 0.000000e+00
2.089000e+02 2.192502e+22 0.000000e+00
2.113000e+02 2.202158e+22 0.000000e+00
2.138000e+02 2.211411e+22 0.000000e+00
2.163000e+02 2.220742e+22 0.000000e+00
2.188000e+02 2.229654e+22 0.000000e+00
2.213000e+02 2.239140e+22 0.000000e+00
2.239000e+02 2.248201e+22 0.000000e+00
2.265000e+02 2.257336e+22 0.000000e+00
2.291000e+02 2.266032e+22 0.000000e+00
2.317000e+02 2.274795e+22 0.000000e+00
2.344000e+02 2.283626e+22 0.000000e+00
2.371000e+02 2.292526e+22 0.000000e+00
2.399000e+02 2.301496e+22 0.000000e+00
2.427000e+02 2.310002e+22 0.000000e+00
2.455000e+02 2.318572e+22 0.000000e+00
2.483000e+02 2.326664e+22 0.000000e+00
2.512000e+02 2.334812e+22 0.000000e+00
2.541000e+02 2.343018e+22 0.000000e+00
2.570000e+02 2.350729e+22 0.000000e+00
2.600000e+02 2.357935e+22 0.000000e+00
2.630000e+02 2.365184e+22 0.000000e+00
2.661000e+02 2.371917e+22 0.000000e+00
2.692000e+02 2.378121e+22 0.000000e+00
2.723000e+02 2.383790e+22 0.000000e+00
2.754000e+02 2.388345e+22 0.000000e+00
2.786000e+02 2.392344e+22 0.000000e+00
2.818000e+02 2.393490e+22 0.000000e+00
2.851000e+02 2.392344e+22 0.000000e+00
3.467000e+02 2.513826e+22 0.000000e+00
3.508000e+02 2.536140e+22 0.000000e+00
3.548000e+02 2.552974e+22 0.000000e+00
3.589000e+02 2.566076e+22 0.000000e+00
3.631000e+02 2.576655e+22 0.000000e+00
3.673000e+02 2.585984e+22 0.000000e+00
3.715000e+02 2.594707e+22 0.000000e+00
3.758000e+02 2.602134e+22 0.000000e+00
3.802000e+02 2.608922e+22 0.000000e+00
3.846000e+02 2.615747e+22 0.000000e+00
3.890000e+02 2.621919e+22 0.000000e+00
3.936000e+02 2.627430e+22 0.000000e+00
3.981000e+02 2.632965e+22 0.000000e+00
4.027000e+02 2.637826e+22 0.000000e+00
4.074000e+02 2.642706e+22 0.000000e+00
4.121000e+02 2.646903e+22 0.000000e+00
4.169000e+02 2.651114e+22 0.000000e+00
4.217000e+02 2.655337e+22 0.000000e+00
4.266000e+02 2.658867e+22 0.000000e+00
4.315000e+02 2.662407e+22 0.000000e+00
4.365000e+02 2.665245e+22 0.000000e+00
4.416000e+02 2.668802e+22 0.000000e+00
4.467000e+02 2.670940e+22 0.000000e+00
4.519000e+02 2.673797e+22 0.000000e+00
4.571000e+02 2.675943e+22 0.000000e+00
4.624000e+02 2.678093e+22 0.000000e+00
4.677000e+02 2.679528e+22 0.000000e+00
4.732000e+02 2.680965e+22 0.000000e+00
4.786000e+02 2.682403e+22 0.000000e+00
4.842000e+02 2.683123e+22 0.000000e+00
4.898000e+02 2.683843e+22 0.000000e+00
4.955000e+02 2.683843e+22 0.000000e+00
5.012000e+02 2.683843e+22 0.000000e+00
5.070000e+02 2.683843e+22 0.000000e+00
5.129000e+02 2.683843e+22 0.000000e+00
5.188000e+02 2.682403e+22 0.000000e+00
5.248000e+02 2.681684e+22 0.000000e+00
5.309000e+02 2.680247e+22 0.000000e+00
5.370000e+02 2.678811e+22 0.000000e+00
5.433000e+02 2.676659e+22 0.000000e+00
5.495000e+02 2.674512e+22 0.000000e+00
5.559000e+02 2.671654e+22 0.000000e+00
5.623000e+02 2.668802e+22 0.000000e+00
5.689000e+02 2.665956e+22 0.000000e+00
5.754000e+02 2.661698e+22 0.000000e+00
5.821000e+02 2.657454e+22 0.000000e+00
5.888000e+02 2.652520e+22 0.000000e+00
6.310000e+02 2.608242e+22 0.000000e+00
6.383000e+02 2.604167e+22 0.000000e+00
6.683000e+02 2.580645e+22 0.000000e+00
6.761000e+02 2.581311e+22 0.000000e+00
6.839000e+02 2.576655e+22 0.000000e+00
6.918000e+02 2.570033e+22 0.000000e+00
6.998000e+02 2.562132e+22 0.000000e+00
7.079000e+02 2.554278e+22 0.000000e+00
7.161000e+02 2.545825e+22 0.000000e+00
7.244000e+02 2.536783e+22 0.000000e+00
7.328000e+02 2.527806e+22 0.000000e+00
7.413000e+02 2.518257e+22 0.000000e+00
7.499000e+02 2.508781e+22 0.000000e+00
7.586000e+02 2.498751e+22 0.000000e+00
7.674000e+02 2.488181e+22 0.000000e+00
7.762000e+02 2.477701e+22 0.000000e+00
7.852000e+02 2.466700e+22 0.000000e+00
7.943000e+02 2.455796e+22 0.000000e+00
8.035000e+02 2.444390e+22 0.000000e+00
8.128000e+02 2.433090e+22 0.000000e+00
8.222000e+02 2.421308e+22 0.000000e+00
8.318000e+02 2.409058e+22 0.000000e+00
8.414000e+02 2.396932e+22 0.000000e+00
8.511000e+02 2.384359e+22 0.000000e+00
8.610000e+02 2.371917e+22 0.000000e+00
8.710000e+02 2.359047e+22 0.000000e+00
8.810000e+02 2.346316e+22 0.000000e+00
8.913000e+02 2.332634e+22 0.000000e+00
9.333000e+02 2.270148e+22 0.000000e+00
9.441000e+02 2.263468e+22 0.000000e+00
9.550000e+02 2.249719e+22 0.000000e+00
9.661000e+02 2.234138e+22 0.000000e+00
9.886000e+02 2.198769e+22 0.000000e+00
1.000000e+03 2.191541e+22 0.000000e+00
1.012000e+03 2.177700e+22 0.000000e+00
1.023000e+03 2.163098e+22 0.000000e+00
1.035000e+03 2.148228e+22 0.000000e+00
1.047000e+03 2.133106e+22 0.000000e+00
1.059000e+03 2.118195e+22 0.000000e+00
1.072000e+03 2.103049e+22 0.000000e+00
1.084000e+03 2.087683e+22 0.000000e+00
1.096000e+03 2.072109e+22 0.000000e+00
1.109000e+03 2.056767e+22 0.000000e+00
1.122000e+03 2.041233e+22 0.000000e+00
1.135000e+03 2.025522e+22 0.000000e+00
1.148000e+03 2.010050e+22 0.000000e+00
1.161000e+03 1.994416e+22 0.000000e+00
1.175000e+03 1.978631e+22 0.000000e+00
1.189000e+03 1.962708e+22 0.000000e+00
1.202000e+03 1.947040e+22 0.000000e+00
1.216000e+03 1.930875e+22 0.000000e+00
1.245000e+03 1.898614e+22 0.000000e+00
1.259000e+03 1.883594e+22 0.000000e+00
1.274000e+03 1.867762e+22 0.000000e+00
1.288000e+03 1.851852e+22 0.000000e+00
1.318000e+03 1.819505e+22 0.000000e+00
1.334000e+03 1.804403e+22 0.000000e+00
1.349000e+03 1.788909e+22 0.000000e+00
1.365000e+03 1.773050e+22 0.000000e+00
1.380000e+03 1.757469e+22 0.000000e+00
1.396000e+03 1.741857e+22 0.000000e+00
1.413000e+03 1.726221e+22 0.000000e+00
1.429000e+03 1.710571e+22 0.000000e+00
1.445000e+03 1.694915e+22 0.000000e+00
1.462000e+03 1.679543e+22 0.000000e+00
1.479000e+03 1.663894e+22 0.000000e+00
1.496000e+03 1.648533e+22 0.000000e+00
1.514000e+03 1.633186e+22 0.000000e+00
1.549000e+03 1.601794e+22 0.000000e+00
1.567000e+03 1.587554e+22 0.000000e+00
1.585000e+03 1.572327e+22 0.000000e+00
1.603000e+03 1.557390e+22 0.000000e+00
1.641000e+03 1.526252e+22 0.000000e+00
1.660000e+03 1.512630e+22 0.000000e+00
1.679000e+03 1.497903e+22 0.000000e+00
1.698000e+03 1.483239e+22 0.000000e+00
1.718000e+03 1.468644e+22 0.000000e+00
1.738000e+03 1.454123e+22 0.000000e+00
1.758000e+03 1.439885e+22 0.000000e+00
1.778000e+03 1.425517e+22 0.000000e+00
1.799000e+03 1.411233e+22 0.000000e+00
1.820000e+03 1.397038e+22 0.000000e+00
1.862000e+03 1.369113e+22 0.000000e+00
1.884000e+03 1.355197e+22 0.000000e+00
1.905000e+03 1.341562e+22 0.000000e+00
1.928000e+03 1.327845e+22 0.000000e+00
1.972000e+03 1.300728e+22 0.000000e+00
1.995000e+03 1.287333e+22 0.000000e+00
2.018000e+03 1.274210e+22 0.000000e+00
2.042000e+03 1.261034e+22 0.000000e+00
2.065000e+03 1.247972e+22 0.000000e+00
2.089000e+03 1.234873e+22 0.000000e+00
2.113000e+03 1.222046e+22 0.000000e+00
2.163000e+03 1.195743e+22 0.000000e+00
2.188000e+03 1.183992e+22 0.000000e+00
2.213000e+03 1.171646e+22 0.000000e+00
2.239000e+03 1.159286e+22 0.000000e+00
2.291000e+03 1.133144e+22 0.000000e+00
2.317000e+03 1.122839e+22 0.000000e+00
2.344000e+03 1.110864e+22 0.000000e+00
2.371000e+03 1.099022e+22 0.000000e+00
2.399000e+03 1.087311e+22 0.000000e+00
2.427000e+03 1.075616e+22 0.000000e+00
2.483000e+03 1.052742e+22 0.000000e+00
2.512000e+03 1.041341e+22 0.000000e+00
2.541000e+03 1.030184e+22 0.000000e+00
2.570000e+03 1.019056e+22 0.000000e+00
2.630000e+03 9.970090e+21 0.000000e+00
2.661000e+03 9.861933e+21 0.000000e+00
2.692000e+03 9.756098e+21 0.000000e+00
2.723000e+03 9.652510e+21 0.000000e+00
2.786000e+03 9.442871e+21 0.000000e+00
2.818000e+03 9.337068e+21 0.000000e+00
2.851000e+03 9.233610e+21 0.000000e+00
2.884000e+03 9.132420e+21 0.000000e+00
2.951000e+03 8.936551e+21 0.000000e+00
2.985000e+03 8.833922e+21 0.000000e+00
3.020000e+03 8.741259e+21 0.000000e+00
3.090000e+03 8.547009e+21 0.000000e+00
3.126000e+03 8.453085e+21 0.000000e+00
3.162000e+03 8.361204e+21 0.000000e+00
3.199000e+03 8.271298e+21 0.000000e+00
3.273000e+03 8.084074e+21 0.000000e+00
3.311000e+03 8.000000e+21 0.000000e+00
3.350000e+03 7.911392e+21 0.000000e+00
3.428000e+03 7.733952e+21 0.000000e+00
3.467000e+03 7.645260e+21 0.000000e+00
3.508000e+03 7.564297e+21 0.000000e+00
3.548000e+03 7.479432e+21 0.000000e+00
3.631000e+03 7.315289e+21 0.000000e+00
3.715000e+03 7.147963e+21 0.000000e+00
3.758000e+03 7.072136e+21 0.000000e+00
3.802000e+03 6.993007e+21 0.000000e+00
3.846000e+03 6.910850e+21 0.000000e+00
3.936000e+03 6.756757e+21 0.000000e+00
4.027000e+03 6.609385e+21 0.000000e+00
4.074000e+03 6.531678e+21 0.000000e+00
4.121000e+03 6.459948e+21 0.000000e+00
4.169000e+03 6.385696e+21 0.000000e+00
4.266000e+03 6.242197e+21 0.000000e+00
4.365000e+03 6.105006e+21 0.000000e+00
4.416000e+03 6.035003e+21 0.000000e+00
4.467000e+03 5.966587e+21 0.000000e+00
4.519000e+03 5.899705e+21 0.000000e+00
4.677000e+03 5.701254e+21 0.000000e+00
4.732000e+03 5.633803e+21 0.000000e+00
4.786000e+03 5.571031e+21 0.000000e+00
4.842000e+03 5.506608e+21 0.000000e+00
4.955000e+03 5.379236e+21 0.000000e+00
5.012000e+03 5.316321e+21 0.000000e+00
5.070000e+03 5.254861e+21 0.000000e+00
5.129000e+03 5.192108e+21 0.000000e+00
5.248000e+03 5.063291e+21 0.000000e+00
5.309000e+03 4.997501e+21 0.000000e+00
5.370000e+03 4.928536e+21 0.000000e+00
5.433000e+03 4.852014e+21 0.000000e+00
5.957000e+03 4.426737e+21 0.000000e+00
6.026000e+03 4.405287e+21 0.000000e+00
6.095000e+03 4.370629e+21 0.000000e+00
6.237000e+03 4.284490e+21 0.000000e+00
6.310000e+03 4.239084e+21 0.000000e+00
6.383000e+03 4.192872e+21 0.000000e+00
6.457000e+03 4.053506e+21 0.000000e+00
6.607000e+03 4.053506e+21 0.000000e+00
6.683000e+03 4.008016e+21 0.000000e+00
6.761000e+03 3.898635e+21 0.000000e+00
6.918000e+03 3.874467e+21 0.000000e+00
6.998000e+03 3.829950e+21 0.000000e+00
7.079000e+03 3.741115e+21 0.000000e+00
7.244000e+03 3.700962e+21 0.000000e+00
7.328000e+03 3.624502e+21 0.000000e+00
7.413000e+03 3.615329e+21 0.000000e+00
7.586000e+03 3.529827e+21 0.000000e+00
7.674000e+03 3.457815e+21 0.000000e+00
8.035000e+03 3.330003e+21 0.000000e+00
8.222000e+03 3.261579e+21 0.000000e+00
8.318000e+03 3.212335e+21 0.000000e+00
8.414000e+03 3.155570e+21 0.000000e+00
8.511000e+03 3.153579e+21 0.000000e+00
8.610000e+03 3.107520e+21 0.000000e+00
8.710000e+03 3.082614e+21 0.000000e+00
8.810000e+03 3.022061e+21 0.000000e+00
8.913000e+03 3.004808e+21 0.000000e+00
9.016000e+03 2.977963e+21 0.000000e+00
9.120000e+03 2.925688e+21 0.000000e+00
9.226000e+03 2.905288e+21 0.000000e+00
9.333000e+03 2.877698e+21 0.000000e+00
9.441000e+03 2.830456e+21 0.000000e+00
9.550000e+03 2.807412e+21 0.000000e+00
9.661000e+03 2.780095e+21 0.000000e+00
9.772000e+03 2.733734e+21 0.000000e+00
9.886000e+03 2.716653e+21 0.000000e+00
1.000000e+04 2.686006e+21 0.000000e+00
